t	ekg	optical	pressure	accel_x	accel_y	accel_z
0	0.06321	144.09	-10.333	-0.004259	0.0028247	-0.0023176
0.002	0.062359	144.52	-10.303	-0.0041325	0.0024696	-0.0024829
0.004	0.061422	144.95	-10.274	-0.004006	0.0021144	-0.0026482
0.006	0.060329	145.37	-10.253	-0.0038795	0.0017592	-0.0028135
0.008	0.059028	145.76	-10.242	-0.003753	0.0014041	-0.0029788
0.01	0.057506	146.11	-10.23	-0.0036266	0.0010489	-0.0031442
0.012	0.055805	146.42	-10.24	-0.0035534	0.00087388	-0.003285
0.014	0.054025	146.69	-10.25	-0.0034803	0.00069888	-0.0034259
0.016	0.052316	146.9	-10.27	-0.0034072	0.00052388	-0.0035668
0.018	0.050847	147.07	-10.301	-0.0033341	0.00034888	-0.0037077
0.02	0.049779	147.19	-10.331	-0.0032609	0.00017388	-0.0038486
0.022	0.049227	147.25	-10.377	-0.0032087	0.00025617	-0.0037645
0.024	0.049232	147.26	-10.422	-0.0031564	0.00033846	-0.0036803
0.026	0.049744	147.21	-10.471	-0.0031041	0.00042075	-0.0035962
0.028	0.050628	147.11	-10.523	-0.0030519	0.00050303	-0.0035121
0.03	0.05168	146.94	-10.574	-0.0029996	0.00058532	-0.0034279
0.032	0.052672	146.71	-10.622	-0.002868	0.00079007	-0.0030505
0.034	0.053382	146.42	-10.67	-0.0027364	0.00099481	-0.0026731
0.036	0.053642	146.07	-10.711	-0.0026048	0.0011996	-0.0022956
0.038	0.053365	145.67	-10.746	-0.0024732	0.0014043	-0.0019182
0.04	0.052559	145.2	-10.781	-0.0023416	0.001609	-0.0015408
0.042	0.051324	144.67	-10.798	-0.00216	0.0017343	-0.0011412
0.044	0.049825	144.09	-10.815	-0.0019784	0.0018596	-0.00074152
0.046	0.048265	143.46	-10.824	-0.0017968	0.0019848	-0.00034189
0.048	0.046847	142.78	-10.824	-0.0016152	0.0021101	5.7742e-05
0.05	0.045735	142.04	-10.824	-0.0014336	0.0022354	0.00045737
0.052	0.045033	141.27	-10.812	-0.0013308	0.0021553	0.00048228
0.054	0.044777	140.45	-10.8	-0.001228	0.0020752	0.00050719
0.056	0.044932	139.6	-10.785	-0.0011253	0.001995	0.0005321
0.058	0.045406	138.71	-10.769	-0.0010225	0.0019149	0.00055701
0.06	0.046071	137.8	-10.752	-0.00091972	0.0018348	0.00058192
0.062	0.046787	136.86	-10.738	-0.00090896	0.001547	0.00017566
0.064	0.047419	135.91	-10.724	-0.0008982	0.0012593	-0.0002306
0.066	0.047855	134.94	-10.714	-0.00088744	0.00097152	-0.00063686
0.068	0.048016	133.96	-10.708	-0.00087668	0.00068375	-0.0010431
0.07	0.047862	132.97	-10.701	-0.00086591	0.00039599	-0.0014494
0.072	0.047395	131.99	-10.701	-0.00081537	9.4584e-06	-0.001902
0.074	0.046659	131.01	-10.702	-0.00076482	-0.00037708	-0.0023547
0.076	0.045738	130.03	-10.703	-0.00071428	-0.00076361	-0.0028073
0.078	0.044746	129.06	-10.706	-0.00066373	-0.0011501	-0.0032599
0.08	0.04382	128.11	-10.708	-0.00061319	-0.0015367	-0.0037126
0.082	0.043104	127.18	-10.705	-0.00047712	-0.0018705	-0.0038273
0.084	0.042722	126.26	-10.702	-0.00034104	-0.0022044	-0.0039421
0.086	0.042763	125.37	-10.693	-0.00020497	-0.0025382	-0.0040568
0.088	0.043252	124.49	-10.677	-6.89e-05	-0.0028721	-0.0041716
0.09	0.044133	123.64	-10.661	6.7172e-05	-0.0032059	-0.0042863
0.092	0.045272	122.82	-10.628	0.00012001	-0.0033868	-0.0041029
0.094	0.04647	122.01	-10.596	0.00017285	-0.0035676	-0.0039195
0.096	0.047488	121.24	-10.555	0.00022569	-0.0037484	-0.0037361
0.098	0.048095	120.48	-10.505	0.00027853	-0.0039293	-0.0035527
0.1	0.048114	119.74	-10.456	0.00033137	-0.0041101	-0.0033692
0.102	0.047471	119.03	-10.396	0.00013733	-0.0040972	-0.0032131
0.104	0.046222	118.33	-10.336	-5.6716e-05	-0.0040843	-0.0030569
0.106	0.044557	117.65	-10.276	-0.00025076	-0.0040714	-0.0029007
0.108	0.042776	116.98	-10.214	-0.0004448	-0.0040586	-0.0027445
0.11	0.04124	116.32	-10.152	-0.00063885	-0.0040457	-0.0025883
0.112	0.0403	115.67	-10.097	-0.0009268	-0.0038023	-0.0025899
0.114	0.040226	115.02	-10.043	-0.0012147	-0.003559	-0.0025914
0.116	0.041139	114.37	-9.9948	-0.0015027	-0.0033156	-0.0025929
0.118	0.042982	113.72	-9.9536	-0.0017906	-0.0030722	-0.0025944
0.12	0.045516	113.06	-9.9125	-0.0020786	-0.0028289	-0.002596
0.122	0.04836	112.4	-9.8865	-0.0020413	-0.0023606	-0.0025446
0.124	0.051064	111.72	-9.8606	-0.002004	-0.0018923	-0.0024933
0.126	0.053202	111.04	-9.8407	-0.0019667	-0.001424	-0.002442
0.128	0.05446	110.33	-9.8268	-0.0019293	-0.00095567	-0.0023907
0.13	0.054708	109.61	-9.8129	-0.001892	-0.00048736	-0.0023394
0.132	0.054027	108.86	-9.8046	-0.0012907	6.1091e-05	-0.0020321
0.134	0.052702	108.1	-9.7962	-0.00068931	0.00060954	-0.0017248
0.136	0.051162	107.31	-9.7868	-8.7959e-05	0.001158	-0.0014174
0.138	0.049883	106.51	-9.7766	0.0005134	0.0017064	-0.0011101
0.14	0.049288	105.68	-9.7663	0.0011148	0.0022549	-0.00080281
0.142	0.049647	104.83	-9.7487	0.0020279	0.0026632	-0.00032349
0.144	0.051018	103.96	-9.7311	0.002941	0.0030715	0.00015583
0.146	0.053225	103.07	-9.709	0.0038541	0.0034797	0.00063515
0.148	0.05589	102.16	-9.6823	0.0047672	0.003888	0.0011145
0.15	0.058516	101.25	-9.6556	0.0056803	0.0042963	0.0015938
0.152	0.060591	100.32	-9.6222	0.0064069	0.0044613	0.0020405
0.154	0.061698	99.379	-9.5888	0.0071335	0.0046262	0.0024872
0.156	0.061608	98.439	-9.5546	0.00786	0.0047912	0.002934
0.158	0.060329	97.496	-9.5197	0.0085866	0.0049562	0.0033807
0.16	0.058103	96.558	-9.4847	0.0093132	0.0051212	0.0038274
0.162	0.055356	95.627	-9.4542	0.009578	0.0050898	0.0041731
0.164	0.052605	94.709	-9.4237	0.0098427	0.0050584	0.0045187
0.166	0.050347	93.806	-9.3977	0.010107	0.0050271	0.0048644
0.168	0.04896	92.926	-9.376	0.010372	0.0049957	0.00521
0.17	0.048627	92.069	-9.3543	0.010637	0.0049643	0.0055557
0.172	0.049307	91.243	-9.3428	0.010483	0.004788	0.0058031
0.174	0.050759	90.448	-9.3313	0.010328	0.0046116	0.0060505
0.176	0.052607	89.692	-9.3237	0.010174	0.0044353	0.0062979
0.178	0.054436	88.974	-9.3201	0.010019	0.0042589	0.0065452
0.18	0.055885	88.301	-9.3165	0.0098648	0.0040826	0.0067926
0.182	0.056725	87.672	-9.3161	0.0094078	0.0037863	0.006835
0.184	0.056907	87.092	-9.3158	0.0089508	0.0034901	0.0068775
0.186	0.056551	86.561	-9.3143	0.0084938	0.0031938	0.0069199
0.188	0.055908	86.081	-9.3116	0.0080368	0.0028976	0.0069623
0.19	0.055281	85.652	-9.309	0.0075798	0.0026013	0.0070047
0.192	0.05494	85.275	-9.2996	0.0069008	0.0022948	0.0067138
0.194	0.055044	84.948	-9.2902	0.0062218	0.0019882	0.0064229
0.196	0.055606	84.671	-9.2765	0.0055428	0.0016816	0.0061321
0.198	0.056486	84.443	-9.2584	0.0048637	0.0013751	0.0058412
0.2	0.057421	84.26	-9.2403	0.0041847	0.0010685	0.0055503
0.202	0.058103	84.122	-9.2144	0.0034345	0.0009065	0.00501
0.204	0.058253	84.022	-9.1885	0.0026843	0.00074446	0.0044696
0.206	0.057697	83.961	-9.1604	0.0019341	0.00058243	0.0039293
0.208	0.05641	83.93	-9.1301	0.0011839	0.00042039	0.0033889
0.21	0.05453	83.93	-9.0998	0.00043366	0.00025836	0.0028485
0.212	0.052318	83.951	-9.0697	-0.00014614	0.00025115	0.0023327
0.214	0.0501	83.993	-9.0396	-0.00072594	0.00024394	0.0018169
0.216	0.04819	84.046	-9.0118	-0.0013057	0.00023672	0.0013011
0.218	0.04681	84.11	-8.9865	-0.0018855	0.00022951	0.00078527
0.22	0.046036	84.175	-8.9612	-0.0024653	0.0002223	0.00026945
0.222	0.045786	84.239	-8.944	-0.0027075	0.00023822	-3.1696e-05
0.224	0.045843	84.293	-8.9268	-0.0029497	0.00025414	-0.00033284
0.226	0.045907	84.336	-8.9143	-0.0031919	0.00027006	-0.00063399
0.228	0.045681	84.359	-8.9067	-0.0034341	0.00028598	-0.00093513
0.23	0.044937	84.361	-8.899	-0.0036763	0.00030191	-0.0012363
0.232	0.043584	84.333	-8.9002	-0.0036418	0.00029021	-0.0013601
0.234	0.04168	84.276	-8.9015	-0.0036074	0.00027851	-0.001484
0.236	0.039427	84.18	-8.9061	-0.003573	0.00026681	-0.0016078
0.238	0.037108	84.046	-8.9142	-0.0035386	0.00025511	-0.0017316
0.24	0.03502	83.869	-8.9222	-0.0035042	0.00024341	-0.0018555
0.242	0.033395	83.647	-8.934	-0.0034306	0.00029187	-0.0019243
0.244	0.032344	83.377	-8.9458	-0.003357	0.00034034	-0.0019931
0.246	0.031826	83.058	-8.9578	-0.0032835	0.00038881	-0.002062
0.248	0.031661	82.688	-8.9701	-0.0032099	0.00043727	-0.0021308
0.25	0.031589	82.267	-8.9823	-0.0031363	0.00048574	-0.0021996
0.252	0.031337	81.794	-8.9921	-0.0031949	0.00061928	-0.0022332
0.254	0.030705	81.269	-9.0019	-0.0032536	0.00075283	-0.0022667
0.256	0.029626	80.693	-9.0094	-0.0033122	0.00088637	-0.0023003
0.258	0.028197	80.067	-9.0145	-0.0033709	0.0010199	-0.0023338
0.26	0.026667	79.393	-9.0197	-0.0034295	0.0011535	-0.0023674
0.262	0.025381	78.671	-9.0189	-0.0035452	0.0012562	-0.0022881
0.264	0.024695	77.906	-9.0181	-0.003661	0.0013589	-0.0022087
0.266	0.024877	77.096	-9.014	-0.0037767	0.0014617	-0.0021294
0.268	0.026036	76.248	-9.0068	-0.0038924	0.0015644	-0.0020501
0.27	0.028072	75.361	-8.9995	-0.0040081	0.0016671	-0.0019708
0.272	0.030687	74.442	-8.986	-0.0039805	0.0016702	-0.0017571
0.274	0.03344	73.489	-8.9724	-0.0039528	0.0016734	-0.0015435
0.276	0.035846	72.509	-8.9561	-0.0039252	0.0016765	-0.0013299
0.278	0.037491	71.502	-8.9369	-0.0038976	0.0016796	-0.0011162
0.28	0.038137	70.474	-8.9177	-0.00387	0.0016827	-0.0009026
0.282	0.0378	69.425	-8.894	-0.0036749	0.0016617	-0.00068041
0.284	0.036764	68.36	-8.8703	-0.0034799	0.0016407	-0.00045822
0.286	0.035535	67.28	-8.8451	-0.0032848	0.0016197	-0.00023603
0.288	0.034739	66.188	-8.8183	-0.0030898	0.0015987	-1.3848e-05
0.29	0.034992	65.085	-8.7916	-0.0028947	0.0015777	0.00020834
0.292	0.036756	63.975	-8.7639	-0.0027642	0.0015784	0.00026137
0.294	0.040222	62.857	-8.7362	-0.0026337	0.0015792	0.00031439
0.296	0.045242	61.734	-8.7094	-0.0025031	0.00158	0.00036742
0.298	0.051343	60.606	-8.6834	-0.0023726	0.0015808	0.00042045
0.3	0.057803	59.474	-8.6574	-0.002242	0.0015816	0.00047347
0.302	0.06378	58.339	-8.6363	-0.0023602	0.0014927	0.0003196
0.304	0.068477	57.199	-8.6152	-0.0024784	0.0014039	0.00016572
0.306	0.071298	56.056	-8.5981	-0.0025965	0.001315	1.184e-05
0.308	0.071972	54.908	-8.585	-0.0027147	0.0012261	-0.00014204
0.31	0.070599	53.755	-8.5719	-0.0028329	0.0011372	-0.00029592
0.312	0.067636	52.596	-8.5691	-0.003031	0.00085236	-0.000489
0.314	0.063796	51.429	-8.5664	-0.0032291	0.00056752	-0.00068209
0.316	0.059908	50.252	-8.569	-0.0034272	0.00028268	-0.00087518
0.318	0.056743	49.066	-8.5772	-0.0036253	-2.1576e-06	-0.0010683
0.32	0.054871	47.866	-8.5853	-0.0038234	-0.000287	-0.0012614
0.322	0.054549	46.652	-8.6023	-0.0037476	-0.00065446	-0.0012927
0.324	0.055688	45.421	-8.6194	-0.0036718	-0.0010219	-0.0013241
0.326	0.057889	44.173	-8.6387	-0.003596	-0.0013894	-0.0013555
0.328	0.060545	42.904	-8.6601	-0.0035202	-0.0017568	-0.0013868
0.33	0.062981	41.614	-8.6815	-0.0034444	-0.0021243	-0.0014182
0.332	0.0646	40.299	-8.701	-0.0030327	-0.0023168	-0.0012775
0.334	0.065011	38.96	-8.7204	-0.0026209	-0.0025093	-0.0011367
0.336	0.064092	37.592	-8.7356	-0.0022092	-0.0027018	-0.00099594
0.338	0.062004	36.197	-8.7466	-0.0017975	-0.0028943	-0.00085518
0.34	0.059123	34.771	-8.7576	-0.0013857	-0.0030868	-0.00071443
0.342	0.055941	33.315	-8.7557	-0.00098217	-0.0029992	-0.00057633
0.344	0.052937	31.826	-8.7538	-0.00057861	-0.0029116	-0.00043823
0.346	0.050455	30.305	-8.7451	-0.00017506	-0.0028241	-0.00030012
0.348	0.048631	28.751	-8.7297	0.0002285	-0.0027365	-0.00016202
0.35	0.047362	27.164	-8.7142	0.00063205	-0.0026489	-2.3921e-05
0.352	0.046341	25.543	-8.6891	0.00072096	-0.0024529	-3.3292e-05
0.354	0.045143	23.89	-8.664	0.00080987	-0.0022569	-4.2663e-05
0.356	0.043335	22.203	-8.6378	0.00089878	-0.0020609	-5.2034e-05
0.358	0.040589	20.485	-8.6105	0.0009877	-0.0018649	-6.1405e-05
0.36	0.036766	18.736	-8.5832	0.0010766	-0.0016688	-7.0776e-05
0.362	0.031955	16.955	-8.5623	0.00093713	-0.001586	-0.00020007
0.364	0.02645	15.147	-8.5414	0.00079765	-0.0015033	-0.00032937
0.366	0.020684	13.309	-8.5269	0.00065817	-0.0014205	-0.00045867
0.368	0.015116	11.446	-8.5189	0.00051869	-0.0013377	-0.00058797
0.37	0.010119	9.5574	-8.5108	0.00037921	-0.0012549	-0.00071726
0.372	0.0058713	7.6459	-8.517	0.00021592	-0.0012828	-0.00084116
0.374	0.0023032	5.7118	-8.5233	5.2623e-05	-0.0013106	-0.00096506
0.376	-0.00091685	3.7582	-8.5342	-0.00011067	-0.0013385	-0.001089
0.378	-0.0043391	1.7853	-8.5499	-0.00027397	-0.0013664	-0.0012128
0.38	-0.0086431	-0.20373	-8.5657	-0.00043726	-0.0013943	-0.0013367
0.382	-0.014522	-2.2089	-8.5812	-0.00072117	-0.0013574	-0.0013941
0.384	-0.022568	-4.2273	-8.5967	-0.0010051	-0.0013205	-0.0014515
0.386	-0.033181	-6.2587	-8.6066	-0.001289	-0.0012837	-0.0015089
0.388	-0.046509	-8.3005	-8.6108	-0.0015729	-0.0012468	-0.0015663
0.39	-0.06243	-10.353	-8.6151	-0.0018568	-0.0012099	-0.0016237
0.392	-0.080571	-12.413	-8.6005	-0.0023841	-0.0010431	-0.0016649
0.394	-0.10036	-14.482	-8.5859	-0.0029115	-0.00087634	-0.0017062
0.396	-0.12107	-16.556	-8.5618	-0.0034388	-0.00070956	-0.0017475
0.398	-0.1419	-18.638	-8.5283	-0.0039662	-0.00054278	-0.0017888
0.4	-0.162	-20.724	-8.4948	-0.0044935	-0.00037599	-0.0018301
0.402	-0.18046	-22.815	-8.4519	-0.0047363	-0.00022298	-0.0018761
0.404	-0.19642	-24.911	-8.409	-0.004979	-6.996e-05	-0.0019222
0.406	-0.209	-27.012	-8.3699	-0.0052218	8.3055e-05	-0.0019683
0.408	-0.21739	-29.116	-8.3348	-0.0054646	0.00023607	-0.0020143
0.41	-0.22088	-31.225	-8.2997	-0.0057073	0.00038909	-0.0020604
0.412	-0.21894	-33.338	-8.2924	-0.004736	0.00038684	-0.0019421
0.414	-0.21133	-35.455	-8.2851	-0.0037646	0.00038459	-0.0018238
0.416	-0.19818	-37.577	-8.2995	-0.0027933	0.00038233	-0.0017055
0.418	-0.18005	-39.704	-8.3358	-0.0018219	0.00038008	-0.0015871
0.42	-0.15792	-41.836	-8.372	-0.00085054	0.00037783	-0.0014688
0.422	-0.1332	-43.974	-8.4569	0.0012898	0.00027915	-0.00095178
0.424	-0.10754	-46.117	-8.5418	0.0034301	0.00018047	-0.00043473
0.426	-0.082691	-48.267	-8.6464	0.0055704	8.1791e-05	8.2316e-05
0.428	-0.060281	-50.423	-8.7707	0.0077107	-1.6891e-05	0.00059936
0.43	-0.041603	-52.586	-8.895	0.009851	-0.00011557	0.0011164
0.432	-0.027436	-54.755	-9.0363	0.011581	-0.0001577	0.0019335
0.434	-0.017955	-56.932	-9.1775	0.013312	-0.00019982	0.0027506
0.436	-0.012717	-59.115	-9.312	0.015042	-0.00024195	0.0035677
0.438	-0.010763	-61.306	-9.4397	0.016773	-0.00028407	0.0043848
0.44	-0.010798	-63.503	-9.5674	0.018503	-0.0003262	0.0052019
0.442	-0.011427	-65.706	-9.6519	0.018315	-0.00031772	0.0057486
0.444	-0.011403	-67.916	-9.7364	0.018127	-0.00030924	0.0062954
0.446	-0.0098312	-70.131	-9.7893	0.017938	-0.00030076	0.0068422
0.448	-0.0063059	-72.35	-9.8104	0.01775	-0.00029228	0.007389
0.45	-0.00094695	-74.575	-9.8316	0.017562	-0.00028379	0.0079357
0.452	0.0056712	-76.802	-9.7853	0.015822	-0.00037725	0.0076777
0.454	0.012676	-79.033	-9.739	0.014081	-0.00047071	0.0074197
0.456	0.019101	-81.264	-9.6656	0.012341	-0.00056417	0.0071616
0.458	0.024104	-83.497	-9.565	0.010601	-0.00065762	0.0069036
0.46	0.027148	-85.728	-9.4644	0.0088605	-0.00075108	0.0066456
0.462	0.028104	-87.959	-9.3366	0.0072289	-0.00094395	0.0057407
0.464	0.027267	-90.185	-9.2087	0.0055972	-0.0011368	0.0048358
0.466	0.02528	-92.409	-9.0836	0.0039656	-0.0013297	0.0039309
0.468	0.022981	-94.626	-8.9612	0.0023339	-0.0015225	0.003026
0.47	0.021224	-96.836	-8.8388	0.00070223	-0.0017154	0.0021211
0.472	0.02069	-99.039	-8.7513	0.00014521	-0.0017707	0.0013462
0.474	0.021757	-101.23	-8.6637	-0.00041182	-0.0018261	0.00057128
0.476	0.024427	-103.42	-8.6025	-0.00096884	-0.0018814	-0.00020361
0.478	0.028348	-105.59	-8.5677	-0.0015259	-0.0019368	-0.00097851
0.48	0.032901	-107.75	-8.5329	-0.0020829	-0.0019921	-0.0017534
0.482	0.037348	-109.89	-8.5535	-0.0018827	-0.0017816	-0.0018234
0.484	0.040996	-112.03	-8.5741	-0.0016825	-0.0015711	-0.0018933
0.486	0.043338	-114.14	-8.6165	-0.0014824	-0.0013607	-0.0019633
0.488	0.044146	-116.24	-8.6807	-0.0012822	-0.0011502	-0.0020333
0.49	0.043503	-118.33	-8.7449	-0.001082	-0.00093972	-0.0021032
0.492	0.041755	-120.4	-8.8314	-0.00075127	-0.00064694	-0.0016771
0.494	0.03941	-122.46	-8.918	-0.00042054	-0.00035416	-0.0012509
0.496	0.037008	-124.49	-9.004	-8.9814e-05	-6.1373e-05	-0.00082475
0.498	0.034987	-126.52	-9.0894	0.00024091	0.00023141	-0.00039859
0.5	0.033586	-128.52	-9.1749	0.00057164	0.00052419	2.7572e-05
0.502	0.032793	-130.51	-9.2406	0.00072737	0.00068768	0.00030717
0.504	0.032367	-132.49	-9.3063	0.0008831	0.00085117	0.00058676
0.506	0.031908	-134.45	-9.3574	0.0010388	0.0010147	0.00086636
0.508	0.030964	-136.4	-9.3938	0.0011946	0.0011782	0.001146
0.51	0.029157	-138.33	-9.4302	0.0013503	0.0013416	0.0014256
0.512	0.026284	-140.25	-9.4378	0.0011682	0.0013928	0.0012535
0.514	0.022376	-142.17	-9.4454	0.00098602	0.0014439	0.0010815
0.516	0.017704	-144.07	-9.4429	0.00080388	0.0014951	0.00090943
0.518	0.012724	-145.96	-9.43	0.00062175	0.0015462	0.00073739
0.52	0.0079791	-147.85	-9.4172	0.00043961	0.0015974	0.00056535
0.522	0.0039794	-149.73	-9.3958	-0.00011224	0.0016037	0.00021194
0.524	0.0010829	-151.61	-9.3744	-0.00066408	0.0016099	-0.00014148
0.526	-0.0005895	-153.48	-9.3541	-0.0012159	0.0016162	-0.0004949
0.528	-0.0011873	-155.35	-9.335	-0.0017678	0.0016225	-0.00084831
0.53	-0.0011101	-157.22	-9.316	-0.0023196	0.0016288	-0.0012017
0.532	-0.00093466	-159.08	-9.3062	-0.0028928	0.0015105	-0.0013285
0.534	-0.0012978	-160.95	-9.2964	-0.003466	0.0013921	-0.0014553
0.536	-0.0027694	-162.82	-9.2923	-0.0040392	0.0012738	-0.001582
0.538	-0.0057407	-164.68	-9.2938	-0.0046124	0.0011555	-0.0017088
0.54	-0.010343	-166.55	-9.2953	-0.0051856	0.0010371	-0.0018356
0.542	-0.016422	-168.42	-9.3058	-0.0052776	0.00075433	-0.0016307
0.544	-0.023567	-170.28	-9.3162	-0.0053696	0.00047154	-0.0014257
0.546	-0.031191	-172.15	-9.3289	-0.0054617	0.00018874	-0.0012208
0.548	-0.038642	-174.02	-9.3436	-0.0055537	-9.4052e-05	-0.0010159
0.55	-0.045333	-175.88	-9.3584	-0.0056457	-0.00037685	-0.00081091
0.552	-0.050847	-177.74	-9.3723	-0.0051974	-0.00060172	-0.00045954
0.554	-0.055011	-179.6	-9.3862	-0.004749	-0.0008266	-0.00010817
0.556	-0.057928	-181.44	-9.3973	-0.0043007	-0.0010515	0.0002432
0.558	-0.05995	-183.28	-9.4057	-0.0038524	-0.0012764	0.00059457
0.56	-0.061601	-185.11	-9.414	-0.003404	-0.0015012	0.00094594
0.562	-0.063475	-186.92	-9.4126	-0.0029233	-0.0013872	0.0012158
0.564	-0.066125	-188.71	-9.4113	-0.0024425	-0.0012732	0.0014856
0.566	-0.069952	-190.48	-9.4031	-0.0019618	-0.0011593	0.0017555
0.568	-0.075136	-192.22	-9.388	-0.001481	-0.0010453	0.0020254
0.57	-0.081603	-193.93	-9.3729	-0.0010003	-0.00093127	0.0022952
0.572	-0.089048	-195.6	-9.3395	-0.0010297	-0.00051417	0.0023494
0.574	-0.096992	-197.23	-9.3062	-0.0010591	-9.7068e-05	0.0024037
0.576	-0.10488	-198.82	-9.2614	-0.0010885	0.00032003	0.0024579
0.578	-0.11218	-200.35	-9.2051	-0.0011179	0.00073714	0.0025121
0.58	-0.11849	-201.82	-9.1488	-0.0011474	0.0011542	0.0025663
0.582	-0.12362	-203.24	-9.0656	-0.0017388	0.0015455	0.0023738
0.584	-0.1276	-204.57	-8.9825	-0.0023302	0.0019367	0.0021813
0.586	-0.13068	-205.84	-8.8851	-0.0029216	0.0023279	0.0019887
0.588	-0.13331	-207.01	-8.7735	-0.0035131	0.0027192	0.0017962
0.59	-0.13599	-208.1	-8.662	-0.0041045	0.0031104	0.0016037
0.592	-0.13923	-209.09	-8.5245	-0.0048104	0.0032334	0.001223
0.594	-0.14341	-209.98	-8.3869	-0.0055164	0.0033565	0.0008423
0.596	-0.1487	-210.75	-8.2399	-0.0062223	0.0034796	0.0004616
0.598	-0.15506	-211.4	-8.0834	-0.0069283	0.0036026	8.0896e-05
0.6	-0.16222	-211.92	-7.927	-0.0076342	0.0037257	-0.00029981
0.602	-0.16968	-212.32	-7.7623	-0.0078965	0.0035997	-0.00075333
0.604	-0.1769	-212.57	-7.5976	-0.0081588	0.0034737	-0.0012068
0.606	-0.18329	-212.68	-7.435	-0.0084211	0.0033477	-0.0016604
0.608	-0.18838	-212.64	-7.2746	-0.0086833	0.0032217	-0.0021139
0.61	-0.1919	-212.44	-7.1142	-0.0089456	0.0030957	-0.0025674
0.612	-0.19382	-212.07	-6.9695	-0.0085081	0.002812	-0.0029569
0.614	-0.19434	-211.53	-6.8248	-0.0080706	0.0025283	-0.0033463
0.616	-0.19389	-210.82	-6.6916	-0.0076331	0.0022446	-0.0037358
0.618	-0.19303	-209.94	-6.57	-0.0071956	0.001961	-0.0041252
0.62	-0.19234	-208.86	-6.4485	-0.0067581	0.0016773	-0.0045147
0.622	-0.19234	-207.61	-6.3521	-0.0058299	0.0012784	-0.0046725
0.624	-0.19335	-206.16	-6.2557	-0.0049018	0.00087948	-0.0048304
0.626	-0.1955	-204.52	-6.17	-0.0039736	0.00048058	-0.0049882
0.628	-0.19865	-202.69	-6.0952	-0.0030454	8.1687e-05	-0.0051461
0.63	-0.20244	-200.66	-6.0203	-0.0021172	-0.00031721	-0.0053039
0.632	-0.20636	-198.44	-5.9593	-0.0011787	-0.00068688	-0.0050562
0.634	-0.20984	-196.02	-5.8983	-0.00024019	-0.0010566	-0.0048085
0.636	-0.21234	-193.41	-5.8397	0.00069833	-0.0014262	-0.0045608
0.638	-0.21344	-190.61	-5.7834	0.0016369	-0.0017959	-0.0043131
0.64	-0.21294	-187.61	-5.7271	0.0025754	-0.0021656	-0.0040654
0.642	-0.21083	-184.43	-5.6677	0.0031629	-0.002225	-0.0033859
0.644	-0.20731	-181.06	-5.6082	0.0037504	-0.0022844	-0.0027065
0.646	-0.20273	-177.51	-5.5449	0.0043379	-0.0023438	-0.0020271
0.648	-0.19752	-173.79	-5.4778	0.0049255	-0.0024032	-0.0013477
0.65	-0.19212	-169.89	-5.4106	0.005513	-0.0024626	-0.00066828
0.652	-0.18686	-165.83	-5.3353	0.0057159	-0.0020997	0.00018985
0.654	-0.18197	-161.6	-5.2599	0.0059188	-0.0017368	0.001048
0.656	-0.17749	-157.23	-5.182	0.0061217	-0.0013738	0.0019061
0.658	-0.17335	-152.71	-5.1014	0.0063246	-0.0010109	0.0027642
0.66	-0.16932	-148.05	-5.0208	0.0065276	-0.00064792	0.0036223
0.662	-0.16513	-143.26	-4.9398	0.0065006	-0.00012596	0.0042611
0.664	-0.16051	-138.36	-4.8587	0.0064737	0.000396	0.0049
0.666	-0.15523	-133.34	-4.7797	0.0064467	0.00091797	0.0055388
0.668	-0.14915	-128.22	-4.7028	0.0064198	0.0014399	0.0061776
0.67	-0.14223	-123	-4.6258	0.0063928	0.0019619	0.0068164
0.672	-0.13456	-117.71	-4.5559	0.0062383	0.0022539	0.0069853
0.674	-0.1263	-112.34	-4.486	0.0060837	0.0025459	0.0071541
0.676	-0.11768	-106.9	-4.42	0.0059291	0.0028379	0.007323
0.678	-0.10893	-101.41	-4.3577	0.0057745	0.00313	0.0074919
0.68	-0.10031	-95.878	-4.2954	0.00562	0.003422	0.0076608
0.682	-0.092003	-90.307	-4.2394	0.0053384	0.0033209	0.0073696
0.684	-0.084159	-84.715	-4.1834	0.0050569	0.0032198	0.0070785
0.686	-0.076856	-79.102	-4.1294	0.0047754	0.0031188	0.0067873
0.688	-0.070112	-73.488	-4.0773	0.0044939	0.0030177	0.0064962
0.69	-0.063883	-67.871	-4.0252	0.0042124	0.0029166	0.006205
0.692	-0.058076	-62.27	-3.9748	0.0038343	0.0025142	0.0056245
0.694	-0.052556	-56.684	-3.9245	0.0034561	0.0021117	0.005044
0.696	-0.047165	-51.13	-3.8745	0.003078	0.0017093	0.0044634
0.698	-0.041737	-45.608	-3.8249	0.0026998	0.0013068	0.0038829
0.7	-0.036116	-40.132	-3.7753	0.0023217	0.00090437	0.0033024
0.702	-0.030181	-34.702	-3.7269	0.0019727	0.00040162	0.0026752
0.704	-0.023865	-29.332	-3.6785	0.0016238	-0.00010114	0.002048
0.706	-0.017176	-24.021	-3.6316	0.0012749	-0.00060389	0.0014209
0.708	-0.010202	-18.782	-3.5861	0.00092592	-0.0011066	0.00079371
0.71	-0.0031088	-13.613	-3.5406	0.00057698	-0.0016094	0.00016655
0.712	0.0038756	-8.5243	-3.5003	0.00035554	-0.001963	-0.00024487
0.714	0.010494	-3.5163	-3.4601	0.00013411	-0.0023165	-0.00065628
0.716	0.016503	1.4033	-3.4237	-8.7328e-05	-0.0026701	-0.0010677
0.718	0.021712	6.2345	-3.3912	-0.00030876	-0.0030237	-0.0014791
0.72	0.026022	10.971	-3.3587	-0.0005302	-0.0033773	-0.0018905
0.722	0.029456	15.613	-3.336	-0.00064962	-0.0033716	-0.0019323
0.724	0.032155	20.155	-3.3133	-0.00076904	-0.0033659	-0.001974
0.726	0.034362	24.599	-3.2964	-0.00088846	-0.0033601	-0.0020157
0.728	0.036382	28.939	-3.2851	-0.0010079	-0.0033544	-0.0020574
0.73	0.038521	33.177	-3.2738	-0.0011273	-0.0033487	-0.0020992
0.732	0.041031	37.31	-3.2748	-0.0011719	-0.0030177	-0.00185
0.734	0.044056	41.338	-3.2758	-0.0012165	-0.0026867	-0.0016008
0.736	0.0476	45.261	-3.283	-0.0012611	-0.0023556	-0.0013516
0.738	0.051521	49.077	-3.2964	-0.0013057	-0.0020246	-0.0011024
0.74	0.05556	52.788	-3.3098	-0.0013503	-0.0016936	-0.00085315
0.742	0.059387	56.393	-3.3347	-0.0012535	-0.0013556	-0.00057619
0.744	0.062667	59.892	-3.3597	-0.0011567	-0.0010177	-0.00029923
0.746	0.065137	63.285	-3.3892	-0.00106	-0.00067977	-2.2277e-05
0.748	0.066659	66.574	-3.4234	-0.0009632	-0.00034183	0.00025468
0.75	0.067255	69.759	-3.4576	-0.00086642	-3.8935e-06	0.00053164
0.752	0.067113	72.84	-3.4973	-0.00064194	4.8957e-05	0.00060437
0.754	0.066549	75.819	-3.5371	-0.00041746	0.00010181	0.00067711
0.756	0.065957	78.696	-3.5772	-0.00019298	0.00015466	0.00074984
0.758	0.065721	81.471	-3.6176	3.1494e-05	0.00020751	0.00082258
0.76	0.06615	84.147	-3.6581	0.00025597	0.00026036	0.00089532
0.762	0.067406	86.724	-3.694	0.00037891	7.7401e-05	0.00076633
0.764	0.069477	89.202	-3.73	0.00050185	-0.00010555	0.00063734
0.766	0.072172	91.584	-3.7615	0.00062479	-0.00028851	0.00050835
0.768	0.075162	93.869	-3.7884	0.00074773	-0.00047147	0.00037936
0.77	0.078046	96.06	-3.8154	0.00087067	-0.00065442	0.00025038
0.772	0.080426	98.157	-3.8309	0.00069166	-0.0007866	0.0001438
0.774	0.081995	100.16	-3.8464	0.00051266	-0.00091878	3.7216e-05
0.776	0.082597	102.07	-3.8563	0.00033365	-0.001051	-6.9363e-05
0.778	0.082255	103.89	-3.8605	0.00015465	-0.0011831	-0.00017594
0.78	0.081174	105.63	-3.8646	-2.4361e-05	-0.0013153	-0.00028252
0.782	0.07969	107.27	-3.8601	-0.00037162	-0.0012457	-0.00019076
0.784	0.078206	108.83	-3.8556	-0.00071888	-0.0011762	-9.8993e-05
0.786	0.077106	110.3	-3.8489	-0.0010661	-0.0011066	-7.2279e-06
0.788	0.076668	111.69	-3.84	-0.0014134	-0.001037	8.4537e-05
0.79	0.077006	112.99	-3.8311	-0.0017607	-0.00096743	0.0001763
0.792	0.078042	114.22	-3.8221	-0.0019269	-0.00081925	0.00033588
0.794	0.079518	115.36	-3.8132	-0.0020932	-0.00067107	0.00049545
0.796	0.081037	116.43	-3.8058	-0.0022595	-0.00052289	0.00065503
0.798	0.082156	117.42	-3.8001	-0.0024258	-0.0003747	0.00081461
0.8	0.082467	118.34	-3.7943	-0.0025921	-0.00022652	0.00097418
0.802	0.081691	119.18	-3.7931	-0.0023962	-0.00017316	0.00088018
0.804	0.079746	119.95	-3.7918	-0.0022004	-0.00011979	0.00078618
0.806	0.076771	120.66	-3.7927	-0.0020045	-6.6429e-05	0.00069218
0.808	0.073109	121.29	-3.7957	-0.0018086	-1.3064e-05	0.00059818
0.81	0.069258	121.86	-3.7987	-0.0016128	4.03e-05	0.00050419
0.812	0.065774	122.37	-3.8053	-0.0011916	-2.1441e-05	5.4638e-05
0.814	0.063171	122.82	-3.8118	-0.00077044	-8.3182e-05	-0.00039491
0.816	0.06182	123.21	-3.8202	-0.00034928	-0.00014492	-0.00084446
0.818	0.061874	123.54	-3.8305	7.1883e-05	-0.00020666	-0.001294
0.82	0.063239	123.82	-3.8407	0.00049305	-0.00026841	-0.0017436
0.822	0.065581	124.05	-3.8566	0.00086475	-0.00039907	-0.0022633
0.824	0.068395	124.23	-3.8726	0.0012365	-0.00052973	-0.002783
0.826	0.071092	124.36	-3.8932	0.0016082	-0.00066039	-0.0033027
0.828	0.073117	124.44	-3.9184	0.0019799	-0.00079106	-0.0038224
0.83	0.074054	124.48	-3.9436	0.0023516	-0.00092172	-0.0043421
0.832	0.073701	124.48	-3.9818	0.0024965	-0.001135	-0.0045675
0.834	0.072108	124.43	-4.0201	0.0026414	-0.0013482	-0.0047928
0.836	0.069564	124.35	-4.066	0.0027864	-0.0015614	-0.0050181
0.838	0.06653	124.23	-4.1195	0.0029313	-0.0017746	-0.0052435
0.84	0.063546	124.08	-4.173	0.0030762	-0.0019879	-0.0054688
0.842	0.061115	123.89	-4.2404	0.0029913	-0.0022392	-0.0053191
0.844	0.059605	123.67	-4.3079	0.0029063	-0.0024905	-0.0051694
0.846	0.059171	123.42	-4.3796	0.0028214	-0.0027419	-0.0050197
0.848	0.059735	123.14	-4.4555	0.0027364	-0.0029932	-0.00487
0.85	0.061004	122.83	-4.5315	0.0026515	-0.0032445	-0.0047202
0.852	0.062545	122.49	-4.6078	0.0024179	-0.0033092	-0.0043943
0.854	0.063885	122.12	-4.6841	0.0021843	-0.0033738	-0.0040684
0.856	0.064612	121.72	-4.7561	0.0019508	-0.0034385	-0.0037425
0.858	0.064472	121.3	-4.8239	0.0017172	-0.0035032	-0.0034165
0.86	0.063419	120.85	-4.8916	0.0014836	-0.0035678	-0.0030906
0.862	0.061623	120.37	-4.9442	0.0011636	-0.0032567	-0.0028071
0.864	0.059422	119.86	-4.9969	0.00084351	-0.0029456	-0.0025237
0.866	0.057241	119.33	-5.0409	0.00052344	-0.0026346	-0.0022402
0.868	0.05549	118.77	-5.0763	0.00020337	-0.0023235	-0.0019567
0.87	0.054466	118.19	-5.1118	-0.0001167	-0.0020124	-0.0016733
0.872	0.054285	117.57	-5.1326	-0.00045575	-0.0014854	-0.0015017
0.874	0.054852	116.93	-5.1534	-0.0007948	-0.00095844	-0.0013302
0.876	0.055889	116.27	-5.1698	-0.0011338	-0.00043147	-0.0011587
0.878	0.057007	115.57	-5.1818	-0.0014729	9.5503e-05	-0.00098719
0.88	0.057796	114.85	-5.1937	-0.0018119	0.00062248	-0.00081568
0.882	0.057932	114.09	-5.2026	-0.0020438	0.00095002	-0.00071947
0.884	0.057253	113.31	-5.2115	-0.0022756	0.0012776	-0.00062326
0.886	0.055804	112.5	-5.2202	-0.0025075	0.0016051	-0.00052706
0.888	0.053826	111.67	-5.2288	-0.0027393	0.0019326	-0.00043085
0.89	0.051699	110.81	-5.2375	-0.0029712	0.0022602	-0.00033465
0.892	0.049845	109.92	-5.244	-0.0030197	0.0021742	-0.00029102
0.894	0.04863	109	-5.2506	-0.0030683	0.0020882	-0.00024739
0.896	0.04827	108.06	-5.2532	-0.0031168	0.0020022	-0.00020376
0.898	0.048778	107.1	-5.2518	-0.0031654	0.0019163	-0.00016014
0.9	0.049957	106.11	-5.2505	-0.0032139	0.0018303	-0.00011651
0.902	0.051455	105.1	-5.2343	-0.0032011	0.0015614	-0.00014767
0.904	0.052848	104.07	-5.218	-0.0031883	0.0012925	-0.00017883
0.906	0.053752	103.03	-5.1921	-0.0031754	0.0010236	-0.00020999
0.908	0.05392	101.97	-5.1566	-0.0031626	0.00075471	-0.00024115
0.91	0.053311	100.9	-5.1211	-0.0031497	0.00048582	-0.00027231
0.912	0.052107	99.812	-5.0676	-0.0032724	0.00040888	-0.00037905
0.914	0.050666	98.72	-5.0141	-0.003395	0.00033195	-0.00048579
0.916	0.049436	97.625	-4.9557	-0.0035176	0.00025501	-0.00059253
0.918	0.048839	96.526	-4.8923	-0.0036403	0.00017807	-0.00069927
0.92	0.049163	95.431	-4.829	-0.0037629	0.00010114	-0.00080601
0.922	0.050469	94.34	-4.7687	-0.0039871	0.00025882	-0.00093824
0.924	0.05257	93.258	-4.7083	-0.0042114	0.0004165	-0.0010705
0.926	0.055057	92.187	-4.6563	-0.0044356	0.00057419	-0.0012027
0.928	0.05739	91.134	-4.6124	-0.0046599	0.00073187	-0.0013349
0.93	0.059021	90.098	-4.5686	-0.0048841	0.00088955	-0.0014672
0.932	0.05953	89.087	-4.5508	-0.0049237	0.00095555	-0.0015972
0.934	0.058725	88.101	-4.533	-0.0049633	0.0010215	-0.0017272
0.936	0.056707	87.147	-4.5293	-0.005003	0.0010875	-0.0018572
0.938	0.053848	86.225	-4.5396	-0.0050426	0.0011535	-0.0019872
0.94	0.050725	85.341	-4.5498	-0.0050822	0.0012195	-0.0021172
0.942	0.047986	84.497	-4.5825	-0.0047501	0.00096146	-0.0022746
0.944	0.046204	83.697	-4.6151	-0.004418	0.00070341	-0.0024319
0.946	0.04575	82.942	-4.6533	-0.0040858	0.00044535	-0.0025893
0.948	0.046699	82.237	-4.6972	-0.0037537	0.00018729	-0.0027466
0.95	0.048815	81.581	-4.7412	-0.0034216	-7.0766e-05	-0.002904
0.952	0.051604	80.979	-4.7844	-0.0028763	-0.00043653	-0.0030407
0.954	0.054422	80.43	-4.8277	-0.0023309	-0.0008023	-0.0031774
0.956	0.056626	79.937	-4.8664	-0.0017856	-0.0011681	-0.0033141
0.958	0.057719	79.5	-4.9005	-0.0012403	-0.0015338	-0.0034508
0.96	0.057468	79.12	-4.9345	-0.00069498	-0.0018996	-0.0035875
0.962	0.055944	78.796	-4.9562	-0.00030879	-0.0019471	-0.0034797
0.964	0.053507	78.529	-4.9778	7.7401e-05	-0.0019946	-0.0033719
0.966	0.050715	78.318	-4.9938	0.00046359	-0.002042	-0.0032642
0.968	0.048191	78.16	-5.004	0.00084979	-0.0020895	-0.0031564
0.97	0.046477	78.056	-5.0143	0.001236	-0.002137	-0.0030486
0.972	0.045905	78.001	-5.0147	0.001128	-0.001761	-0.0025701
0.974	0.046528	77.996	-5.0151	0.00102	-0.0013849	-0.0020916
0.976	0.048122	78.035	-5.0095	0.00091199	-0.0010089	-0.0016131
0.978	0.050248	78.117	-4.9978	0.000804	-0.00063289	-0.0011346
0.98	0.052367	78.237	-4.9862	0.000696	-0.00025687	-0.00065615
0.982	0.053983	78.394	-4.9542	-1.6338e-05	0.00019868	-0.00021813
0.984	0.054769	78.579	-4.9223	-0.00072868	0.00065423	0.00021989
0.986	0.054647	78.793	-4.8736	-0.001441	0.0011098	0.00065791
0.988	0.053804	79.027	-4.8082	-0.0021534	0.0015653	0.0010959
0.99	0.052644	79.28	-4.7429	-0.0028657	0.0020209	0.001534
0.992	0.05168	79.543	-4.6316	-0.0038623	0.0021686	0.0011237
0.994	0.051397	79.816	-4.5204	-0.0048589	0.0023163	0.0007135
0.996	0.05212	80.089	-4.3841	-0.0058556	0.002464	0.00030327
0.998	0.053927	80.362	-4.2227	-0.0068522	0.0026117	-0.00010695
1	0.056614	80.624	-4.0614	-0.0078488	0.0027594	-0.00051718
1.002	0.059732	80.877	-3.86	-0.0083797	0.0025432	-0.0020233
1.004	0.062688	81.11	-3.6586	-0.0089107	0.0023271	-0.0035294
1.006	0.064876	81.323	-3.4508	-0.0094416	0.0021109	-0.0050355
1.008	0.065826	81.508	-3.2364	-0.0099726	0.0018947	-0.0065416
1.01	0.065306	81.665	-3.0221	-0.010504	0.0016785	-0.0080478
1.012	0.063384	81.785	-2.8343	-0.0099951	0.0013187	-0.0095604
1.014	0.060412	81.869	-2.6465	-0.0094867	0.00095884	-0.011073
1.016	0.056952	81.911	-2.493	-0.0089783	0.00059901	-0.012586
1.018	0.053646	81.91	-2.3738	-0.0084699	0.00023917	-0.014098
1.02	0.051086	81.861	-2.2546	-0.0079615	-0.00012066	-0.015611
1.022	0.049681	81.765	-2.2358	-0.0067909	-0.00037844	-0.015386
1.024	0.049579	81.619	-2.2169	-0.0056204	-0.00063621	-0.015161
1.026	0.050649	81.421	-2.253	-0.0044499	-0.00089398	-0.014936
1.028	0.05253	81.172	-2.3442	-0.0032794	-0.0011518	-0.01471
1.03	0.054719	80.87	-2.4353	-0.0021088	-0.0014095	-0.014485
1.032	0.056694	80.516	-2.6184	-0.0013358	-0.0014241	-0.012002
1.034	0.058032	80.11	-2.8016	-0.00056285	-0.0014387	-0.0095179
1.036	0.058494	79.654	-3.0095	0.00021015	-0.0014532	-0.0070342
1.038	0.058063	79.148	-3.2422	0.00098314	-0.0014678	-0.0045504
1.04	0.056918	78.595	-3.4749	0.0017561	-0.0014824	-0.0020667
1.042	0.055377	77.995	-3.7009	0.0017819	-0.00126	0.0010069
1.044	0.053802	77.353	-3.927	0.0018076	-0.0010376	0.0040806
1.046	0.052499	76.668	-4.1228	0.0018333	-0.00081527	0.0071542
1.048	0.051646	75.947	-4.2884	0.001859	-0.0005929	0.010228
1.05	0.051258	75.188	-4.454	0.0018847	-0.00037054	0.013302
1.052	0.0512	74.399	-4.5233	0.0021213	-9.3708e-05	0.014587
1.054	0.051236	73.58	-4.5926	0.0023579	0.00018313	0.015873
1.056	0.051101	72.736	-4.6096	0.0025946	0.00045996	0.017159
1.058	0.050575	71.869	-4.5743	0.0028312	0.00073679	0.018445
1.06	0.04955	70.983	-4.5391	0.0030678	0.0010136	0.01973
1.062	0.048052	70.08	-4.42	0.0043656	0.001087	0.018618
1.064	0.04623	69.166	-4.301	0.0056633	0.0011604	0.017505
1.066	0.044302	68.24	-4.1606	0.0069611	0.0012338	0.016393
1.068	0.0425	67.307	-3.9989	0.0082589	0.0013072	0.01528
1.07	0.041001	66.369	-3.8372	0.0095566	0.0013806	0.014168
1.072	0.039881	65.429	-3.6803	0.011185	0.0011664	0.012324
1.074	0.039092	64.487	-3.5235	0.012812	0.00095231	0.010481
1.076	0.038481	63.547	-3.388	0.01444	0.00073818	0.0086373
1.078	0.037843	62.609	-3.2739	0.016068	0.00052405	0.0067938
1.08	0.036975	61.675	-3.1599	0.017696	0.00030993	0.0049503
1.082	0.035738	60.744	-3.1058	0.018156	3.3525e-05	0.0042929
1.084	0.034098	59.818	-3.0518	0.018615	-0.00024288	0.0036355
1.086	0.032139	58.897	-3.024	0.019075	-0.00051928	0.0029781
1.088	0.030043	57.979	-3.0226	0.019535	-0.00079568	0.0023207
1.09	0.028042	57.066	-3.0212	0.019994	-0.0010721	0.0016633
1.092	0.026362	56.154	-3.0453	0.018914	-0.0010838	0.002335
1.094	0.025171	55.245	-3.0694	0.017835	-0.0010956	0.0030067
1.096	0.024543	54.335	-3.0883	0.016755	-0.0011073	0.0036784
1.098	0.024456	53.424	-3.102	0.015675	-0.0011191	0.0043501
1.1	0.024814	52.508	-3.1157	0.014595	-0.0011308	0.0050218
1.102	0.025487	51.588	-3.0877	0.012943	-0.00081599	0.0056107
1.104	0.026362	50.659	-3.0597	0.011291	-0.00050115	0.0061996
1.106	0.027378	49.721	-3.0026	0.0096381	-0.0001863	0.0067885
1.108	0.028542	48.77	-2.9165	0.0079857	0.00012854	0.0073774
1.11	0.02991	47.805	-2.8304	0.0063333	0.00044338	0.0079663
1.112	0.031546	46.821	-2.6895	0.0050096	0.00079646	0.007342
1.114	0.033471	45.819	-2.5487	0.003686	0.0011495	0.0067178
1.116	0.035605	44.795	-2.3908	0.0023623	0.0015026	0.0060935
1.118	0.037751	43.748	-2.216	0.0010386	0.0018557	0.0054693
1.12	0.039605	42.674	-2.0411	-0.00028511	0.0022088	0.004845
1.122	0.040816	41.574	-1.8624	-0.0012416	0.0022904	0.0033568
1.124	0.041068	40.445	-1.6837	-0.0021981	0.002372	0.0018687
1.126	0.04019	39.287	-1.518	-0.0031545	0.0024536	0.00038052
1.128	0.038238	38.097	-1.3652	-0.004111	0.0025353	-0.0011076
1.13	0.035547	36.876	-1.2125	-0.0050675	0.0026169	-0.0025958
1.132	0.03272	35.623	-1.1064	-0.0059365	0.0024436	-0.0037198
1.134	0.030544	34.338	-1.0003	-0.0068055	0.0022703	-0.0048438
1.136	0.029849	33.022	-0.92116	-0.0076745	0.002097	-0.0059678
1.138	0.031339	31.675	-0.86895	-0.0085435	0.0019237	-0.0070918
1.14	0.035417	30.297	-0.81675	-0.0094124	0.0017504	-0.0082158
1.142	0.042063	28.89	-0.81286	-0.010085	0.0015775	-0.0083087
1.144	0.05078	27.456	-0.80897	-0.010758	0.0014045	-0.0084016
1.146	0.060635	25.995	-0.82246	-0.011431	0.0012316	-0.0084945
1.148	0.070398	24.511	-0.85334	-0.012104	0.0010586	-0.0085875
1.15	0.078763	23.003	-0.88422	-0.012777	0.0008857	-0.0086804
1.152	0.084582	21.477	-0.93482	-0.012803	0.00079932	-0.0081875
1.154	0.087093	19.932	-0.98542	-0.012829	0.00071293	-0.0076946
1.156	0.086082	18.373	-1.0404	-0.012855	0.00062655	-0.0072018
1.158	0.08194	16.8	-1.0998	-0.012882	0.00054017	-0.0067089
1.16	0.075604	15.219	-1.1592	-0.012908	0.00045378	-0.006216
1.162	0.068381	13.629	-1.2233	-0.012018	0.00024334	-0.0058965
1.164	0.061705	12.035	-1.2873	-0.011129	3.2888e-05	-0.0055769
1.166	0.056855	10.437	-1.3546	-0.01024	-0.00017756	-0.0052574
1.168	0.05471	8.8405	-1.4252	-0.009351	-0.00038801	-0.0049378
1.17	0.055581	7.2448	-1.4958	-0.0084619	-0.00059846	-0.0046182
1.172	0.059157	5.6539	-1.5773	-0.0069324	-0.0010507	-0.0045767
1.174	0.064577	4.0679	-1.6588	-0.0054028	-0.001503	-0.0045352
1.176	0.070612	2.4898	-1.7472	-0.0038733	-0.0019553	-0.0044937
1.178	0.075917	0.91969	-1.8424	-0.0023437	-0.0024076	-0.0044521
1.18	0.079298	-0.64045	-1.9376	-0.00081418	-0.0028599	-0.0044106
1.182	0.079947	-2.1906	-2.0444	0.00059713	-0.0032327	-0.0041291
1.184	0.077579	-3.7299	-2.1512	0.0020084	-0.0036055	-0.0038476
1.186	0.072466	-5.2583	-2.26	0.0034198	-0.0039783	-0.0035661
1.188	0.065352	-6.776	-2.3707	0.0048311	-0.0043511	-0.0032846
1.19	0.057277	-8.2832	-2.4814	0.0062424	-0.0047239	-0.003003
1.192	0.049341	-9.7811	-2.5846	0.0067055	-0.0045279	-0.0021293
1.194	0.042483	-11.27	-2.6879	0.0071686	-0.0043319	-0.0012556
1.196	0.037295	-12.752	-2.7817	0.0076317	-0.0041359	-0.00038191
1.198	0.03393	-14.227	-2.8661	0.0080949	-0.0039399	0.0004918
1.2	0.032116	-15.698	-2.9505	0.008558	-0.0037439	0.0013655
1.202	0.031252	-17.166	-3.0084	0.0077706	-0.0029135	0.0025431
1.204	0.03058	-18.634	-3.0662	0.0069832	-0.0020832	0.0037207
1.206	0.029377	-20.103	-3.11	0.0061959	-0.0012529	0.0048984
1.208	0.027119	-21.576	-3.1397	0.0054085	-0.00042261	0.006076
1.21	0.023592	-23.054	-3.1694	0.0046211	0.0004077	0.0072536
1.212	0.018907	-24.54	-3.1756	0.0031664	0.0013528	0.008099
1.214	0.013431	-26.035	-3.1817	0.0017116	0.0022979	0.0089444
1.216	0.0076542	-27.543	-3.1802	0.00025686	0.0032431	0.0097897
1.218	0.0020161	-29.065	-3.1711	-0.0011979	0.0041882	0.010635
1.22	-0.0032588	-30.602	-3.1621	-0.0026527	0.0051333	0.011481
1.222	-0.0082729	-32.157	-3.1466	-0.0037241	0.0055303	0.011561
1.224	-0.013486	-33.731	-3.1312	-0.0047955	0.0059273	0.011642
1.226	-0.019658	-35.324	-3.1155	-0.0058669	0.0063244	0.011723
1.228	-0.027713	-36.939	-3.0996	-0.0069383	0.0067214	0.011804
1.23	-0.038542	-38.576	-3.0838	-0.0080097	0.0071184	0.011885
1.232	-0.05279	-40.236	-3.0691	-0.0081464	0.0066938	0.011191
1.234	-0.070679	-41.918	-3.0544	-0.0082831	0.0062693	0.010496
1.236	-0.091891	-43.624	-3.0392	-0.0084197	0.0058447	0.0098017
1.238	-0.11554	-45.352	-3.0236	-0.0085564	0.0054202	0.0091071
1.24	-0.14027	-47.102	-3.008	-0.008693	0.0049956	0.0084125
1.242	-0.16436	-48.874	-2.9889	-0.008265	0.0040343	0.0072368
1.244	-0.18598	-50.666	-2.9697	-0.007837	0.0030729	0.006061
1.246	-0.20343	-52.478	-2.9488	-0.007409	0.0021116	0.0048852
1.248	-0.21534	-54.307	-2.9263	-0.006981	0.0011503	0.0037095
1.25	-0.22082	-56.154	-2.9038	-0.006553	0.00018892	0.0025337
1.252	-0.21958	-58.014	-2.8842	-0.0061893	-0.00068378	0.0013232
1.254	-0.21189	-59.888	-2.8645	-0.0058255	-0.0015565	0.00011271
1.256	-0.19855	-61.772	-2.8525	-0.0054618	-0.0024292	-0.0010978
1.258	-0.18077	-63.666	-2.8483	-0.005098	-0.0033019	-0.0023083
1.26	-0.15995	-65.567	-2.8441	-0.0047343	-0.0041746	-0.0035188
1.262	-0.13759	-67.473	-2.8721	-0.0044517	-0.0044125	-0.00429
1.264	-0.11506	-69.382	-2.9001	-0.004169	-0.0046505	-0.0050612
1.266	-0.093589	-71.293	-2.9522	-0.0038864	-0.0048884	-0.0058324
1.268	-0.074094	-73.202	-3.0284	-0.0036037	-0.0051264	-0.0066036
1.27	-0.057206	-75.111	-3.1046	-0.0033211	-0.0053643	-0.0073748
1.272	-0.043248	-77.015	-3.2383	-0.0025543	-0.0048788	-0.0073957
1.274	-0.032261	-78.914	-3.3721	-0.0017874	-0.0043932	-0.0074165
1.276	-0.024046	-80.807	-3.5337	-0.0010206	-0.0039076	-0.0074374
1.278	-0.018209	-82.694	-3.7231	-0.00025378	-0.003422	-0.0074582
1.28	-0.01422	-84.572	-3.9125	0.00051304	-0.0029364	-0.0074791
1.282	-0.011468	-86.443	-4.1424	0.0020448	-0.0021431	-0.006825
1.284	-0.0093228	-88.304	-4.3723	0.0035765	-0.0013497	-0.0061709
1.286	-0.0071943	-90.158	-4.6093	0.0051082	-0.00055636	-0.0055168
1.288	-0.0045979	-92.002	-4.8533	0.0066399	0.000237	-0.0048627
1.29	-0.0012034	-93.839	-5.0973	0.0081717	0.0010304	-0.0042087
1.292	0.0031309	-95.668	-5.3234	0.0097981	0.0015545	-0.0034024
1.294	0.0083416	-97.49	-5.5494	0.011424	0.0020786	-0.0025961
1.296	0.014173	-99.306	-5.7515	0.013051	0.0026028	-0.0017898
1.298	0.020226	-101.12	-5.9296	0.014677	0.0031269	-0.00098355
1.3	0.026024	-102.92	-6.1076	0.016304	0.003651	-0.00017727
1.302	0.031097	-104.73	-6.2172	0.016804	0.0035846	0.0001202
1.304	0.035061	-106.53	-6.3267	0.017304	0.0035183	0.00041768
1.306	0.037696	-108.34	-6.3989	0.017804	0.0034519	0.00071516
1.308	0.038977	-110.14	-6.4339	0.018304	0.0033855	0.0010126
1.31	0.039091	-111.95	-6.4689	0.018803	0.0033192	0.0013101
1.312	0.038392	-113.76	-6.4391	0.017648	0.0027699	0.00088287
1.314	0.03734	-115.58	-6.4093	0.016492	0.0022206	0.00045563
1.316	0.036407	-117.4	-6.3584	0.015337	0.0016713	2.8389e-05
1.318	0.035992	-119.23	-6.2864	0.014181	0.001122	-0.00039885
1.32	0.036346	-121.06	-6.2144	0.013026	0.00057265	-0.00082609
1.322	0.037521	-122.91	-6.1295	0.011129	-3.1868e-05	-0.0014537
1.324	0.039368	-124.76	-6.0446	0.0092312	-0.00063639	-0.0020813
1.326	0.041569	-126.62	-5.9674	0.0073338	-0.0012409	-0.0027088
1.328	0.043707	-128.5	-5.898	0.0054365	-0.0018454	-0.0033364
1.33	0.045354	-130.38	-5.8286	0.0035391	-0.0024499	-0.003964
1.332	0.046155	-132.27	-5.7957	0.0024578	-0.0026618	-0.0039855
1.334	0.0459	-134.16	-5.7627	0.0013765	-0.0028737	-0.004007
1.336	0.044566	-136.07	-5.7527	0.00029524	-0.0030856	-0.0040285
1.338	0.042309	-137.98	-5.7657	-0.00078605	-0.0032975	-0.00405
1.34	0.039434	-139.89	-5.7787	-0.0018673	-0.0035094	-0.0040715
1.342	0.036319	-141.81	-5.8347	-0.0015083	-0.0031909	-0.0032167
1.344	0.033338	-143.74	-5.8907	-0.0011493	-0.0028724	-0.0023619
1.346	0.030779	-145.66	-5.9618	-0.00079036	-0.0025539	-0.0015071
1.348	0.028787	-147.58	-6.048	-0.00043136	-0.0022353	-0.00065223
1.35	0.027335	-149.51	-6.1342	-7.2371e-05	-0.0019168	0.00020259
1.352	0.026239	-151.43	-6.2322	0.00089058	-0.00133	0.0013993
1.354	0.025199	-153.34	-6.3302	0.0018535	-0.00074315	0.0025961
1.356	0.023874	-155.25	-6.4247	0.0028165	-0.00015632	0.0037928
1.358	0.021959	-157.16	-6.5157	0.0037794	0.0004305	0.0049896
1.36	0.019256	-159.05	-6.6066	0.0047424	0.0010173	0.0061863
1.362	0.015718	-160.93	-6.6754	0.0050541	0.0014691	0.0069256
1.364	0.011469	-162.81	-6.7443	0.0053659	0.0019208	0.0076648
1.366	0.0067779	-164.67	-6.7978	0.0056776	0.0023725	0.008404
1.368	0.0020031	-166.53	-6.836	0.0059894	0.0028243	0.0091432
1.37	-0.002478	-168.37	-6.8742	0.0063011	0.003276	0.0098824
1.372	-0.0063499	-170.19	-6.8806	0.0055629	0.0033845	0.009788
1.374	-0.009426	-172.01	-6.8871	0.0048247	0.003493	0.0096936
1.376	-0.01169	-173.81	-6.8805	0.0040865	0.0036014	0.0095991
1.378	-0.013302	-175.61	-6.8607	0.0033483	0.0037099	0.0095047
1.38	-0.014574	-177.39	-6.841	0.0026101	0.0038184	0.0094102
1.382	-0.015906	-179.16	-6.8053	0.001465	0.003653	0.0087203
1.384	-0.017715	-180.92	-6.7696	0.00031989	0.0034876	0.0080303
1.386	-0.020356	-182.68	-6.7322	-0.00082523	0.0033223	0.0073404
1.388	-0.024051	-184.42	-6.6931	-0.0019703	0.0031569	0.0066504
1.39	-0.028851	-186.16	-6.6541	-0.0031155	0.0029915	0.0059605
1.392	-0.034629	-187.9	-6.6238	-0.0037963	0.0027401	0.0052186
1.394	-0.041105	-189.63	-6.5936	-0.0044771	0.0024886	0.0044766
1.396	-0.047905	-191.36	-6.5727	-0.0051579	0.0022371	0.0037347
1.398	-0.054627	-193.08	-6.561	-0.0058387	0.0019857	0.0029928
1.4	-0.06092	-194.8	-6.5494	-0.0065195	0.0017342	0.0022509
1.402	-0.066547	-196.53	-6.5617	-0.0064382	0.0015415	0.0018559
1.404	-0.071424	-198.25	-6.574	-0.0063569	0.0013487	0.001461
1.406	-0.075629	-199.96	-6.5982	-0.0062755	0.001156	0.0010661
1.408	-0.079378	-201.68	-6.6344	-0.0061942	0.00096326	0.00067112
1.41	-0.082975	-203.39	-6.6705	-0.0061129	0.00077053	0.00027618
1.412	-0.086744	-205.1	-6.7248	-0.0056017	0.00067854	0.00022553
1.414	-0.09097	-206.8	-6.779	-0.0050905	0.00058654	0.00017489
1.416	-0.095835	-208.49	-6.8369	-0.0045793	0.00049454	0.00012425
1.418	-0.10138	-210.17	-6.8984	-0.0040681	0.00040255	7.3612e-05
1.42	-0.10752	-211.83	-6.96	-0.0035569	0.00031055	2.2972e-05
1.422	-0.11402	-213.48	-7.0152	-0.0030575	0.00024793	1.3978e-05
1.424	-0.1206	-215.09	-7.0704	-0.0025582	0.0001853	4.9834e-06
1.426	-0.12696	-216.68	-7.1153	-0.0020588	0.00012268	-4.0109e-06
1.428	-0.13282	-218.23	-7.1499	-0.0015594	6.0051e-05	-1.3005e-05
1.43	-0.13801	-219.74	-7.1844	-0.00106	-2.575e-06	-2.1999e-05
1.432	-0.14249	-221.19	-7.1863	-0.00074182	-0.00016626	-0.00025801
1.434	-0.14634	-222.59	-7.1881	-0.00042367	-0.00032995	-0.00049402
1.436	-0.14972	-223.93	-7.1699	-0.00010552	-0.00049363	-0.00073004
1.438	-0.15288	-225.19	-7.1316	0.00021263	-0.00065732	-0.00096605
1.44	-0.15606	-226.37	-7.0933	0.00053079	-0.00082101	-0.0012021
1.442	-0.1595	-227.46	-7.0134	0.00067037	-0.0011179	-0.0016505
1.444	-0.1633	-228.44	-6.9335	0.00080996	-0.0014149	-0.002099
1.446	-0.16752	-229.32	-6.8349	0.00094954	-0.0017118	-0.0025474
1.448	-0.17209	-230.08	-6.7178	0.0010891	-0.0020087	-0.0029959
1.45	-0.17686	-230.71	-6.6007	0.0012287	-0.0023057	-0.0034444
1.452	-0.18166	-231.21	-6.4557	0.0011538	-0.0025648	-0.0038246
1.454	-0.18629	-231.56	-6.3106	0.001079	-0.0028239	-0.0042048
1.456	-0.1906	-231.75	-6.1574	0.0010041	-0.003083	-0.004585
1.458	-0.19446	-231.78	-5.996	0.00092921	-0.0033421	-0.0049652
1.46	-0.19785	-231.63	-5.8347	0.00085434	-0.0036012	-0.0053454
1.462	-0.20076	-231.31	-5.6687	0.0005545	-0.0035929	-0.0053445
1.464	-0.20322	-230.8	-5.5027	0.00025466	-0.0035845	-0.0053435
1.466	-0.20527	-230.09	-5.3392	-4.5177e-05	-0.0035762	-0.0053426
1.468	-0.20691	-229.19	-5.1782	-0.00034501	-0.0035679	-0.0053416
1.47	-0.20813	-228.08	-5.0171	-0.00064485	-0.0035595	-0.0053406
1.472	-0.20886	-226.76	-4.8671	-0.0010068	-0.0032553	-0.0048906
1.474	-0.20903	-225.22	-4.7171	-0.0013688	-0.0029511	-0.0044407
1.476	-0.20856	-223.48	-4.5738	-0.0017307	-0.002647	-0.0039907
1.478	-0.20742	-221.51	-4.4372	-0.0020927	-0.0023428	-0.0035407
1.48	-0.20562	-219.32	-4.3007	-0.0024546	-0.0020386	-0.0030907
1.482	-0.20324	-216.92	-4.1771	-0.0026545	-0.0016485	-0.0024608
1.484	-0.20043	-214.3	-4.0535	-0.0028544	-0.0012584	-0.001831
1.486	-0.19737	-211.46	-3.9353	-0.0030543	-0.00086827	-0.0012012
1.488	-0.19426	-208.41	-3.8225	-0.0032542	-0.00047816	-0.00057137
1.49	-0.19122	-205.15	-3.7097	-0.0034541	-8.8059e-05	5.845e-05
1.492	-0.18834	-201.69	-3.605	-0.0034518	0.00014385	0.00046907
1.494	-0.18558	-198.02	-3.5004	-0.0034495	0.00037575	0.00087969
1.496	-0.18281	-194.16	-3.3989	-0.0034472	0.00060766	0.0012903
1.498	-0.1798	-190.12	-3.3007	-0.0034449	0.00083956	0.0017009
1.5	-0.17631	-185.89	-3.2024	-0.0034426	0.0010715	0.0021116
1.502	-0.17208	-181.5	-3.1099	-0.0033834	0.0010271	0.0021013
1.504	-0.16696	-176.94	-3.0174	-0.0033242	0.00098278	0.0020911
1.506	-0.16085	-172.23	-2.9281	-0.003265	0.00093844	0.0020809
1.508	-0.15383	-167.38	-2.842	-0.0032058	0.00089409	0.0020706
1.51	-0.14609	-162.4	-2.7559	-0.0031466	0.00084975	0.0020604
1.512	-0.13789	-157.29	-2.6778	-0.0031377	0.00057593	0.0017621
1.514	-0.12955	-152.08	-2.5997	-0.0031289	0.0003021	0.0014638
1.516	-0.12135	-146.77	-2.5264	-0.00312	2.8281e-05	0.0011656
1.518	-0.11352	-141.36	-2.458	-0.0031112	-0.00024554	0.00086729
1.52	-0.10615	-135.89	-2.3895	-0.0031023	-0.00051937	0.00056902
1.522	-0.099216	-130.34	-2.332	-0.0031337	-0.00079154	0.00028371
1.524	-0.092603	-124.74	-2.2745	-0.0031651	-0.0010637	-1.5999e-06
1.526	-0.086121	-119.1	-2.2227	-0.0031964	-0.0013359	-0.00028691
1.528	-0.079577	-113.43	-2.1767	-0.0032278	-0.001608	-0.00057222
1.53	-0.072823	-107.73	-2.1307	-0.0032591	-0.0018802	-0.00085753
1.532	-0.065804	-102.03	-2.0958	-0.0033273	-0.0018592	-0.0009564
1.534	-0.058574	-96.326	-2.061	-0.0033955	-0.0018381	-0.0010553
1.536	-0.051283	-90.633	-2.0313	-0.0034637	-0.0018171	-0.0011541
1.538	-0.04414	-84.955	-2.0067	-0.0035319	-0.0017961	-0.001253
1.54	-0.037359	-79.309	-1.9822	-0.0036002	-0.001775	-0.0013519
1.542	-0.031097	-73.697	-1.9668	-0.0037185	-0.0014433	-0.0013516
1.544	-0.025411	-68.133	-1.9514	-0.0038369	-0.0011116	-0.0013512
1.546	-0.020228	-62.619	-1.9401	-0.0039553	-0.00077985	-0.0013509
1.548	-0.015357	-57.169	-1.933	-0.0040736	-0.00044813	-0.0013505
1.55	-0.010529	-51.784	-1.9259	-0.004192	-0.00011641	-0.0013502
1.552	-0.0054584	-46.475	-1.9265	-0.0042514	0.0001525	-0.0014376
1.554	7.9875e-05	-41.244	-1.9272	-0.0043107	0.00042141	-0.001525
1.556	0.0061868	-36.102	-1.9317	-0.0043701	0.00069032	-0.0016125
1.558	0.012795	-31.048	-1.9399	-0.0044295	0.00095922	-0.0016999
1.56	0.019663	-26.093	-1.9482	-0.0044889	0.0012281	-0.0017873
1.562	0.026406	-21.235	-1.9638	-0.0043235	0.0010904	-0.0019956
1.564	0.032572	-16.485	-1.9795	-0.004158	0.00095271	-0.0022038
1.566	0.037726	-11.84	-1.9983	-0.0039926	0.000815	-0.0024121
1.568	0.041545	-7.3085	-2.0203	-0.0038272	0.00067729	-0.0026204
1.57	0.043899	-2.8898	-2.0423	-0.0036618	0.00053958	-0.0028286
1.572	0.044899	1.4108	-2.0687	-0.0033352	0.00013064	-0.0030035
1.574	0.044887	5.5933	-2.095	-0.0030087	-0.00027829	-0.0031783
1.576	0.044386	9.6538	-2.1218	-0.0026821	-0.00068722	-0.0033531
1.578	0.044012	13.592	-2.149	-0.0023555	-0.0010962	-0.003528
1.58	0.044367	17.406	-2.1762	-0.002029	-0.0015051	-0.0037028
1.582	0.045916	21.096	-2.2	-0.001853	-0.0017546	-0.0036979
1.584	0.0489	24.659	-2.2238	-0.0016771	-0.0020041	-0.003693
1.586	0.053283	28.096	-2.244	-0.0015011	-0.0022535	-0.0036881
1.588	0.058752	31.406	-2.2604	-0.0013252	-0.002503	-0.0036832
1.59	0.064769	34.59	-2.2767	-0.0011492	-0.0027525	-0.0036783
1.592	0.070669	37.648	-2.2831	-0.0013011	-0.0026705	-0.0035111
1.594	0.075773	40.58	-2.2894	-0.0014529	-0.0025885	-0.0033439
1.596	0.079516	43.388	-2.2907	-0.0016048	-0.0025065	-0.0031766
1.598	0.081544	46.072	-2.2869	-0.0017566	-0.0024245	-0.0030094
1.6	0.08178	48.634	-2.2831	-0.0019085	-0.0023425	-0.0028421
1.602	0.080429	51.075	-2.2724	-0.0022134	-0.00215	-0.0026624
1.604	0.077941	53.398	-2.2616	-0.0025184	-0.0019576	-0.0024826
1.606	0.074927	55.604	-2.2503	-0.0028234	-0.0017651	-0.0023028
1.608	0.072046	57.696	-2.2383	-0.0031284	-0.0015726	-0.002123
1.61	0.069889	59.676	-2.2263	-0.0034334	-0.0013802	-0.0019433
1.612	0.068884	61.548	-2.22	-0.0036409	-0.0013103	-0.0018866
1.614	0.069224	63.312	-2.2137	-0.0038484	-0.0012405	-0.00183
1.616	0.07085	64.976	-2.2133	-0.0040559	-0.0011707	-0.0017733
1.618	0.073473	66.538	-2.2189	-0.0042633	-0.0011008	-0.0017167
1.62	0.076634	68.006	-2.2244	-0.0044708	-0.001031	-0.0016601
1.622	0.079801	69.38	-2.2452	-0.0045235	-0.0010481	-0.0017081
1.624	0.082461	70.668	-2.266	-0.0045763	-0.0010651	-0.0017561
1.626	0.084208	71.868	-2.2941	-0.004629	-0.0010822	-0.0018041
1.628	0.084807	72.99	-2.3295	-0.0046817	-0.0010993	-0.0018521
1.63	0.084218	74.033	-2.3649	-0.0047344	-0.0011163	-0.0019002
1.632	0.082594	75.004	-2.4103	-0.0046083	-0.0010382	-0.0018849
1.634	0.080234	75.905	-2.4558	-0.0044823	-0.00096005	-0.0018696
1.636	0.077519	76.741	-2.5026	-0.0043562	-0.00088192	-0.0018543
1.638	0.074846	77.515	-2.5508	-0.0042301	-0.00080379	-0.001839
1.64	0.072558	78.232	-2.599	-0.0041041	-0.00072565	-0.0018237
1.642	0.070891	78.892	-2.6422	-0.0036426	-0.00045777	-0.0016276
1.644	0.069955	79.502	-2.6855	-0.0031811	-0.00018988	-0.0014314
1.646	0.069736	80.063	-2.7233	-0.0027196	7.801e-05	-0.0012353
1.648	0.070113	80.579	-2.7557	-0.0022582	0.0003459	-0.0010391
1.65	0.070899	81.05	-2.7881	-0.0017967	0.00061379	-0.00084294
1.652	0.071887	81.482	-2.8075	-0.00098169	0.00099415	-0.00057475
1.654	0.072894	81.874	-2.8268	-0.00016667	0.0013745	-0.00030657
1.656	0.073779	82.229	-2.8406	0.00064834	0.0017549	-3.8382e-05
1.658	0.074459	82.548	-2.8488	0.0014633	0.0021353	0.0002298
1.66	0.074904	82.832	-2.857	0.0022784	0.0025156	0.00049799
1.662	0.075123	83.081	-2.8595	0.0030759	0.0027889	0.00061176
1.664	0.075134	83.297	-2.8621	0.0038735	0.0030621	0.00072553
1.666	0.074952	83.479	-2.8655	0.0046711	0.0033353	0.0008393
1.668	0.07457	83.626	-2.8698	0.0054687	0.0036086	0.00095307
1.67	0.073962	83.739	-2.8741	0.0062663	0.0038818	0.0010668
1.672	0.073094	83.816	-2.8875	0.0066448	0.0038024	0.00095673
1.674	0.071943	83.858	-2.9008	0.0070232	0.0037229	0.00084661
1.676	0.070524	83.861	-2.9215	0.0074017	0.0036435	0.0007365
1.678	0.068905	83.826	-2.9496	0.0077802	0.003564	0.00062638
1.68	0.067211	83.749	-2.9777	0.0081587	0.0034846	0.00051627
1.682	0.065623	83.631	-3.0235	0.0082099	0.0030207	0.00034323
1.684	0.064342	83.469	-3.0693	0.0082611	0.0025567	0.00017018
1.686	0.063557	83.262	-3.124	0.0083123	0.0020928	-2.8596e-06
1.688	0.063403	83.007	-3.1876	0.0083635	0.0016288	-0.0001759
1.69	0.063921	82.704	-3.2512	0.0084147	0.0011649	-0.00034895
1.692	0.065036	82.351	-3.33	0.0085673	0.0006722	-0.0003916
1.694	0.066557	81.946	-3.4089	0.0087199	0.00017951	-0.00043425
1.696	0.068196	81.489	-3.4931	0.0088725	-0.00031318	-0.0004769
1.698	0.06962	80.979	-3.5825	0.0090251	-0.00080587	-0.00051955
1.7	0.070507	80.414	-3.6719	0.0091777	-0.0012986	-0.0005622
1.702	0.070608	79.796	-3.7651	0.00955	-0.0013096	-0.00042134
1.704	0.069798	79.123	-3.8583	0.0099222	-0.0013207	-0.00028049
1.706	0.068115	78.397	-3.9494	0.010295	-0.0013318	-0.00013964
1.708	0.065749	77.617	-4.0382	0.010667	-0.0013429	1.2175e-06
1.71	0.063024	76.785	-4.127	0.011039	-0.001354	0.00014207
1.712	0.06033	75.903	-4.2022	0.011237	-0.00077338	0.00039729
1.714	0.058059	74.972	-4.2775	0.011435	-0.00019278	0.00065251
1.716	0.056524	73.995	-4.3414	0.011632	0.00038783	0.00090773
1.718	0.055905	72.973	-4.3941	0.01183	0.00096844	0.0011629
1.72	0.056212	71.912	-4.4467	0.012028	0.001549	0.0014182
1.722	0.057282	70.812	-4.4699	0.011606	0.0022151	0.0016612
1.724	0.058821	69.679	-4.493	0.011185	0.0028811	0.0019042
1.726	0.060462	68.514	-4.5	0.010763	0.0035472	0.0021472
1.728	0.061842	67.326	-4.491	0.010342	0.0042132	0.0023902
1.73	0.062673	66.113	-4.4819	0.0099201	0.0048793	0.0026332
1.732	0.062803	64.886	-4.4437	0.0088764	0.0050027	0.0027249
1.734	0.062237	63.644	-4.4056	0.0078327	0.0051261	0.0028167
1.736	0.061137	62.396	-4.3577	0.006789	0.0052495	0.0029085
1.738	0.059768	61.143	-4.3	0.0057454	0.005373	0.0030002
1.74	0.058442	59.893	-4.2423	0.0047017	0.0054964	0.003092
1.742	0.057443	58.647	-4.1795	0.0035248	0.0049585	0.0029903
1.744	0.056961	57.414	-4.1166	0.0023479	0.0044206	0.0028885
1.746	0.057052	56.193	-4.0593	0.001171	0.0038827	0.0027868
1.748	0.057628	54.993	-4.0075	-5.9099e-06	0.0033448	0.0026851
1.75	0.058482	53.814	-3.9556	-0.0011828	0.0028069	0.0025834
1.752	0.05934	52.662	-3.9282	-0.0018854	0.0020347	0.0024058
1.754	0.059931	51.539	-3.9008	-0.0025881	0.0012625	0.0022283
1.756	0.060054	50.449	-3.889	-0.0032907	0.00049027	0.0020508
1.758	0.05963	49.392	-3.8927	-0.0039934	-0.00028194	0.0018732
1.76	0.058725	48.374	-3.8964	-0.004696	-0.0010541	0.0016957
1.762	0.05754	47.392	-3.9291	-0.0047137	-0.0015475	0.0015663
1.764	0.056364	46.451	-3.9617	-0.0047314	-0.0020408	0.0014369
1.766	0.055516	45.551	-4.0035	-0.0047491	-0.0025342	0.0013075
1.768	0.055266	44.691	-4.0544	-0.0047668	-0.0030275	0.0011781
1.77	0.05577	43.872	-4.1052	-0.0047845	-0.0035208	0.0010487
1.772	0.057035	43.094	-4.1585	-0.0044916	-0.0035304	0.00091845
1.774	0.05891	42.355	-4.2118	-0.0041987	-0.00354	0.00078823
1.776	0.061109	41.655	-4.2585	-0.0039058	-0.0035497	0.00065802
1.778	0.063267	40.993	-4.2985	-0.0036129	-0.0035593	0.00052781
1.78	0.065014	40.366	-4.3385	-0.00332	-0.0035689	0.00039759
1.782	0.066048	39.773	-4.3551	-0.0032421	-0.003268	0.00015131
1.784	0.066194	39.212	-4.3717	-0.0031643	-0.0029672	-9.4966e-05
1.786	0.065433	38.68	-4.376	-0.0030864	-0.0026664	-0.00034125
1.788	0.063905	38.175	-4.3678	-0.0030086	-0.0023655	-0.00058753
1.79	0.06188	37.695	-4.3597	-0.0029308	-0.0020647	-0.00083381
1.792	0.059694	37.236	-4.335	-0.0031114	-0.0017761	-0.0011017
1.794	0.057689	36.799	-4.3103	-0.0032921	-0.0014875	-0.0013696
1.796	0.056144	36.377	-4.2843	-0.0034728	-0.0011989	-0.0016375
1.798	0.055227	35.972	-4.2572	-0.0036535	-0.00091033	-0.0019055
1.8	0.054972	35.578	-4.2301	-0.0038342	-0.00062174	-0.0021734
1.802	0.055272	35.196	-4.2157	-0.0037846	-0.00047019	-0.0021378
1.804	0.055921	34.822	-4.2013	-0.003735	-0.00031865	-0.0021023
1.806	0.056653	34.457	-4.1982	-0.0036853	-0.0001671	-0.0020668
1.808	0.057196	34.097	-4.2066	-0.0036357	-1.5554e-05	-0.0020313
1.81	0.057323	33.743	-4.2149	-0.0035861	0.00013599	-0.0019957
1.812	0.056896	33.392	-4.2471	-0.0029259	0.00030648	-0.0014605
1.814	0.05588	33.046	-4.2794	-0.0022657	0.00047697	-0.00092524
1.816	0.054349	32.703	-4.3193	-0.0016055	0.00064747	-0.00039
1.818	0.052464	32.363	-4.367	-0.00094526	0.00081796	0.00014525
1.82	0.050446	32.026	-4.4146	-0.00028506	0.00098845	0.00068049
1.822	0.048541	31.693	-4.4625	0.00070176	0.0012771	0.0014428
1.824	0.046978	31.365	-4.5104	0.0016886	0.0015658	0.0022051
1.826	0.045943	31.042	-4.5502	0.0026754	0.0018544	0.0029674
1.828	0.045555	30.725	-4.5818	0.0036622	0.0021431	0.0037297
1.83	0.045852	30.415	-4.6135	0.0046491	0.0024317	0.004492
1.832	0.046789	30.113	-4.6171	0.0052304	0.0025999	0.0048956
1.834	0.04824	29.82	-4.6207	0.0058116	0.0027681	0.0052991
1.836	0.050016	29.537	-4.6087	0.0063929	0.0029363	0.0057027
1.838	0.051883	29.265	-4.5812	0.0069742	0.0031045	0.0061062
1.84	0.053591	29.004	-4.5537	0.0075555	0.0032727	0.0065098
1.842	0.054893	28.756	-4.5018	0.0072958	0.0030058	0.0062349
1.844	0.055586	28.521	-4.45	0.007036	0.0027388	0.00596
1.846	0.055538	28.299	-4.3928	0.0067762	0.0024718	0.0056851
1.848	0.054704	28.09	-4.3304	0.0065164	0.0022048	0.0054102
1.85	0.053141	27.894	-4.2679	0.0062566	0.0019379	0.0051353
1.852	0.051001	27.709	-4.2108	0.0054341	0.0013238	0.0044854
1.854	0.048516	27.537	-4.1537	0.0046115	0.00070972	0.0038355
1.856	0.045957	27.373	-4.1053	0.003789	9.5647e-05	0.0031856
1.858	0.043595	27.219	-4.0658	0.0029665	-0.00051843	0.0025356
1.86	0.041646	27.07	-4.0263	0.0021439	-0.0011325	0.0018857
1.862	0.04024	26.926	-4.0091	0.0013761	-0.0016057	0.0014702
1.864	0.039382	26.783	-3.9919	0.0006083	-0.002079	0.0010547
1.866	0.038963	26.639	-3.9839	-0.00015951	-0.0025522	0.00063916
1.868	0.038768	26.488	-3.9853	-0.00092733	-0.0030255	0.00022364
1.87	0.038528	26.331	-3.9866	-0.0016951	-0.0034987	-0.00019188
1.872	0.037974	26.16	-3.9964	-0.0021452	-0.0034575	-9.6437e-05
1.874	0.036894	25.975	-4.0062	-0.0025952	-0.0034163	-9.9287e-07
1.876	0.035191	25.767	-4.0143	-0.0030452	-0.0033751	9.4451e-05
1.878	0.032912	25.537	-4.0208	-0.0034953	-0.0033339	0.0001899
1.88	0.030243	25.277	-4.0272	-0.0039453	-0.0032927	0.00028534
1.882	0.027488	24.986	-4.0217	-0.0043158	-0.0028611	0.00059801
1.884	0.025008	24.656	-4.0162	-0.0046863	-0.0024296	0.00091068
1.886	0.023151	24.287	-4.0038	-0.0050569	-0.001998	0.0012234
1.888	0.022192	23.872	-3.9846	-0.0054274	-0.0015665	0.001536
1.89	0.02226	23.411	-3.9654	-0.0057979	-0.0011349	0.0018487
1.892	0.023322	22.898	-3.9382	-0.0062521	-0.00076413	0.0018992
1.894	0.025176	22.331	-3.9111	-0.0067063	-0.00039337	0.0019496
1.896	0.027496	21.707	-3.8857	-0.0071606	-2.26e-05	0.0020001
1.898	0.029884	21.026	-3.862	-0.0076148	0.00034817	0.0020505
1.9	0.031955	20.284	-3.8384	-0.008069	0.00071893	0.002101
1.902	0.033402	19.481	-3.8313	-0.0082138	0.00073724	0.0017704
1.904	0.034056	18.617	-3.8242	-0.0083586	0.00075554	0.0014398
1.906	0.033913	17.692	-3.8306	-0.0085034	0.00077385	0.0011092
1.908	0.03313	16.707	-3.8505	-0.0086482	0.00079215	0.00077857
1.91	0.031988	15.661	-3.8704	-0.0087929	0.00081046	0.00044797
1.912	0.030835	14.559	-3.9218	-0.0080677	0.00061426	9.8423e-05
1.914	0.030019	13.401	-3.9733	-0.0073426	0.00041807	-0.00025112
1.916	0.029824	12.192	-4.0393	-0.0066174	0.00022188	-0.00060067
1.918	0.030422	10.933	-4.12	-0.0058922	2.5693e-05	-0.00095022
1.92	0.031851	9.6305	-4.2007	-0.005167	-0.0001705	-0.0012998
1.922	0.034023	8.2857	-4.3028	-0.003671	-0.00021792	-0.0012507
1.924	0.036745	6.9075	-4.405	-0.0021751	-0.00026535	-0.0012016
1.926	0.039768	5.496	-4.5126	-0.00067911	-0.00031277	-0.0011525
1.928	0.042836	4.0618	-4.6256	0.00081684	-0.0003602	-0.0011034
1.93	0.045727	2.605	-4.7387	0.0023128	-0.00040762	-0.0010543
1.932	0.048291	1.1368	-4.8523	0.0037167	-0.00015183	-0.00064105
1.934	0.050459	-0.3428	-4.9658	0.0051206	0.00010397	-0.00022775
1.936	0.052246	-1.8223	-5.0757	0.0065246	0.00035976	0.00018554
1.938	0.053729	-3.3018	-5.1819	0.0079285	0.00061555	0.00059884
1.94	0.05503	-4.7703	-5.288	0.0093324	0.00087134	0.0010121
1.942	0.056287	-6.2277	-5.3818	0.0098532	0.0011951	0.0012778
1.944	0.057625	-7.6642	-5.4755	0.010374	0.0015189	0.0015435
1.946	0.059142	-9.0797	-5.5617	0.010895	0.0018427	0.0018093
1.948	0.060895	-10.466	-5.6404	0.011415	0.0021666	0.002075
1.95	0.062897	-11.823	-5.7191	0.011936	0.0024904	0.0023407
1.952	0.065113	-13.143	-5.7812	0.011547	0.0025225	0.00198
1.954	0.067461	-14.428	-5.8432	0.011158	0.0025546	0.0016194
1.956	0.069816	-15.673	-5.8961	0.010768	0.0025867	0.0012588
1.958	0.072025	-16.878	-5.9398	0.010379	0.0026189	0.00089815
1.96	0.073914	-18.041	-5.9835	0.0099897	0.002651	0.00053753
1.962	0.07531	-19.163	-6.007	0.0091703	0.0022942	-0.00036111
1.964	0.07606	-20.244	-6.0305	0.0083508	0.0019373	-0.0012597
1.966	0.076063	-21.283	-6.0432	0.0075314	0.0015805	-0.0021584
1.968	0.075288	-22.286	-6.0452	0.0067119	0.0012237	-0.003057
1.97	0.073793	-23.25	-6.0471	0.0058925	0.00086684	-0.0039556
1.972	0.071733	-24.183	-6.0283	0.0049521	0.00035718	-0.0047368
1.974	0.069339	-25.085	-6.0095	0.0040118	-0.00015249	-0.0055179
1.976	0.066892	-25.962	-5.9823	0.0030714	-0.00066215	-0.0062991
1.978	0.064681	-26.814	-5.9466	0.0021311	-0.0011718	-0.0070802
1.98	0.062947	-27.652	-5.9109	0.0011907	-0.0016815	-0.0078614
1.982	0.061838	-28.475	-5.8655	0.00013076	-0.0020331	-0.0078903
1.984	0.061372	-29.293	-5.8201	-0.00092923	-0.0023847	-0.0079191
1.986	0.061426	-30.105	-5.7744	-0.0019892	-0.0027363	-0.007948
1.988	0.061752	-30.924	-5.7284	-0.0030492	-0.0030879	-0.0079769
1.99	0.062015	-31.748	-5.6824	-0.0041092	-0.0034395	-0.0080058
1.992	0.061855	-32.589	-5.6447	-0.005165	-0.0035005	-0.0072865
1.994	0.060955	-33.445	-5.607	-0.0062207	-0.0035616	-0.0065672
1.996	0.059105	-34.328	-5.5766	-0.0072765	-0.0036227	-0.0058479
1.998	0.056243	-35.236	-5.5536	-0.0083323	-0.0036838	-0.0051286
2	0.052474	-36.179	-5.5306	-0.0093881	-0.0037449	-0.0044093
2.002	0.048042	-37.156	-5.5243	-0.0099984	-0.0036101	-0.0035757
2.004	0.043288	-38.175	-5.518	-0.010609	-0.0034752	-0.0027422
2.006	0.03858	-39.234	-5.5191	-0.011219	-0.0033404	-0.0019087
2.008	0.034235	-40.34	-5.5274	-0.01183	-0.0032056	-0.0010752
2.01	0.030448	-41.491	-5.5358	-0.01244	-0.0030708	-0.00024165
2.012	0.027245	-42.691	-5.5542	-0.012248	-0.0029496	9.6705e-05
2.014	0.02447	-43.94	-5.5726	-0.012056	-0.0028284	0.00043507
2.016	0.021797	-45.237	-5.5938	-0.011864	-0.0027072	0.00077342
2.018	0.018766	-46.583	-5.6178	-0.011672	-0.002586	0.0011118
2.02	0.014852	-47.976	-5.6418	-0.011479	-0.0024648	0.0014501
2.022	0.0095296	-49.415	-5.6698	-0.010631	-0.0024849	0.0013147
2.024	0.0023375	-50.897	-5.6978	-0.0097827	-0.0025051	0.0011793
2.026	-0.0070694	-52.422	-5.729	-0.0089344	-0.0025253	0.0010438
2.028	-0.018883	-53.984	-5.7634	-0.008086	-0.0025454	0.00090838
2.03	-0.033119	-55.582	-5.7978	-0.0072377	-0.0025656	0.00077294
2.032	-0.049611	-57.211	-5.8445	-0.0062727	-0.0026185	0.00074215
2.034	-0.068009	-58.869	-5.8911	-0.0053078	-0.0026713	0.00071135
2.036	-0.08778	-60.548	-5.9469	-0.0043429	-0.0027242	0.00068056
2.038	-0.10822	-62.249	-6.0119	-0.0033779	-0.002777	0.00064977
2.04	-0.12846	-63.964	-6.0769	-0.002413	-0.0028299	0.00061898
2.042	-0.14752	-65.692	-6.1628	-0.0018493	-0.0026509	0.0011563
2.044	-0.16432	-67.425	-6.2487	-0.0012855	-0.002472	0.0016937
2.046	-0.17778	-69.163	-6.3428	-0.00072173	-0.002293	0.002231
2.048	-0.18692	-70.899	-6.445	-0.00015797	-0.0021141	0.0027683
2.05	-0.19094	-72.633	-6.5472	0.00040579	-0.0019351	0.0033057
2.052	-0.18937	-74.359	-6.6526	0.00035162	-0.0014148	0.0041194
2.054	-0.18213	-76.076	-6.758	0.00029745	-0.00089453	0.0049331
2.056	-0.16958	-77.781	-6.855	0.00024328	-0.00037423	0.0057469
2.058	-0.15255	-79.472	-6.9434	0.00018912	0.00014607	0.0065606
2.06	-0.13227	-81.148	-7.0319	0.00013495	0.00066637	0.0073744
2.062	-0.11021	-82.809	-7.0811	-0.00038918	0.0012427	0.0074528
2.064	-0.087942	-84.453	-7.1304	-0.00091331	0.0018191	0.0075312
2.066	-0.066959	-86.08	-7.151	-0.0014374	0.0023955	0.0076096
2.068	-0.048469	-87.693	-7.1431	-0.0019616	0.0029719	0.0076881
2.07	-0.033277	-89.29	-7.1352	-0.0024857	0.0035482	0.0077665
2.072	-0.021701	-90.876	-7.0632	-0.0031114	0.0036372	0.0063266
2.074	-0.013586	-92.45	-6.9911	-0.0037371	0.0037262	0.0048867
2.076	-0.008375	-94.017	-6.8911	-0.0043628	0.0038151	0.0034467
2.078	-0.0052559	-95.577	-6.763	-0.0049885	0.0039041	0.0020068
2.08	-0.0033245	-97.136	-6.635	-0.0056142	0.0039931	0.00056689
2.082	-0.001752	-98.694	-6.4743	-0.0061298	0.0033057	-0.0017072
2.084	7.8644e-05	-100.26	-6.3137	-0.0066455	0.0026184	-0.0039814
2.086	0.0024956	-101.83	-6.154	-0.0071611	0.001931	-0.0062555
2.088	0.0055314	-103.42	-5.9952	-0.0076767	0.0012437	-0.0085296
2.09	0.0089756	-105.01	-5.8364	-0.0081923	0.00055634	-0.010804
2.092	0.012475	-106.63	-5.7173	-0.0087645	-0.00048509	-0.011757
2.094	0.015651	-108.27	-5.5981	-0.0093366	-0.0015265	-0.01271
2.096	0.018209	-109.94	-5.5147	-0.0099087	-0.0025679	-0.013663
2.098	0.020018	-111.64	-5.4668	-0.010481	-0.0036094	-0.014616
2.1	0.02113	-113.36	-5.419	-0.011053	-0.0046508	-0.015569
2.102	0.021761	-115.13	-5.4602	-0.011812	-0.005115	-0.013593
2.104	0.022214	-116.92	-5.5014	-0.012571	-0.0055792	-0.011618
2.106	0.022795	-118.76	-5.5866	-0.01333	-0.0060435	-0.0096423
2.108	0.023722	-120.63	-5.7158	-0.014088	-0.0065077	-0.0076668
2.11	0.025063	-122.54	-5.845	-0.014847	-0.0069719	-0.0056913
2.112	0.026709	-124.49	-6.0428	-0.015304	-0.0062897	-0.0018348
2.114	0.028399	-126.48	-6.2407	-0.015762	-0.0056075	0.0020218
2.116	0.029779	-128.51	-6.4564	-0.016219	-0.0049252	0.0058783
2.118	0.030492	-130.57	-6.69	-0.016676	-0.004243	0.0097349
2.12	0.030259	-132.66	-6.9236	-0.017133	-0.0035608	0.013591
2.122	0.028949	-134.79	-7.1547	-0.016444	-0.002164	0.01634
2.124	0.026618	-136.94	-7.3858	-0.015754	-0.00076721	0.019089
2.126	0.023492	-139.12	-7.5981	-0.015064	0.00062959	0.021837
2.128	0.01993	-141.31	-7.7918	-0.014375	0.0020264	0.024586
2.13	0.016346	-143.52	-7.9855	-0.013685	0.0034232	0.027335
2.132	0.013132	-145.75	-8.1173	-0.011661	0.0044785	0.027067
2.134	0.010585	-147.98	-8.2491	-0.0096371	0.0055337	0.0268
2.136	0.0088592	-150.21	-8.3448	-0.0076132	0.006589	0.026533
2.138	0.007956	-152.44	-8.4043	-0.0055893	0.0076442	0.026265
2.14	0.0077424	-154.66	-8.4638	-0.0035654	0.0086995	0.025998
2.142	0.0079909	-156.87	-8.4541	-0.0012005	0.0086937	0.023501
2.144	0.0084366	-159.07	-8.4444	0.0011644	0.008688	0.021004
2.146	0.0088282	-161.25	-8.4064	0.0035294	0.0086823	0.018507
2.148	0.0089592	-163.4	-8.3401	0.0058943	0.0086765	0.01601
2.15	0.0086862	-165.53	-8.2738	0.0082593	0.0086708	0.013513
2.152	0.0079292	-167.63	-8.1675	0.0094969	0.0077078	0.010837
2.154	0.0066484	-169.69	-8.0613	0.010735	0.0067449	0.0081608
2.156	0.0048203	-171.72	-7.9429	0.011972	0.0057819	0.0054849
2.158	0.0024287	-173.72	-7.8123	0.01321	0.004819	0.0028089
2.16	-0.00053554	-175.69	-7.6816	0.014447	0.003856	0.00013291
2.162	-0.0040698	-177.61	-7.5379	0.013899	0.0025722	-0.0015642
2.164	-0.0081369	-179.51	-7.3941	0.01335	0.0012884	-0.0032613
2.166	-0.012639	-181.37	-7.247	0.012802	4.6658e-06	-0.0049584
2.168	-0.017407	-183.2	-7.0966	0.012253	-0.0012791	-0.0066555
2.17	-0.022211	-185	-6.9462	0.011704	-0.0025629	-0.0083526
2.172	-0.026786	-186.78	-6.793	0.010104	-0.0034857	-0.0092658
2.174	-0.030877	-188.53	-6.6398	0.0085035	-0.0044085	-0.010179
2.176	-0.0343	-190.27	-6.4873	0.006903	-0.0053313	-0.011092
2.178	-0.036992	-191.99	-6.3354	0.0053025	-0.006254	-0.012005
2.18	-0.03904	-193.71	-6.1835	0.003702	-0.0071768	-0.012919
2.182	-0.040689	-195.42	-6.0399	0.0024782	-0.0072497	-0.013608
2.184	-0.042308	-197.14	-5.8964	0.0012543	-0.0073226	-0.014297
2.186	-0.044324	-198.86	-5.7624	3.0505e-05	-0.0073954	-0.014986
2.188	-0.047136	-200.6	-5.6379	-0.0011933	-0.0074683	-0.015675
2.19	-0.051038	-202.36	-5.5134	-0.0024172	-0.0075412	-0.016364
2.192	-0.056147	-204.14	-5.4208	-0.0024102	-0.006623	-0.016883
2.194	-0.062374	-205.95	-5.3283	-0.0024032	-0.0057049	-0.017401
2.196	-0.069435	-207.79	-5.2574	-0.0023963	-0.0047867	-0.017919
2.198	-0.076905	-209.67	-5.2081	-0.0023893	-0.0038686	-0.018437
2.2	-0.084301	-211.59	-5.1588	-0.0023823	-0.0029504	-0.018955
2.202	-0.091183	-213.56	-5.1585	-0.0014859	-0.0014573	-0.018891
2.204	-0.097236	-215.57	-5.1582	-0.0005895	3.5798e-05	-0.018828
2.206	-0.10233	-217.64	-5.1806	0.00030691	0.0015289	-0.018764
2.208	-0.10655	-219.74	-5.2258	0.0012033	0.003022	-0.0187
2.21	-0.11014	-221.9	-5.271	0.0020997	0.0045151	-0.018636
2.212	-0.11344	-224.11	-5.3479	0.0028453	0.0057033	-0.017722
2.214	-0.11683	-226.36	-5.4247	0.0035909	0.0068914	-0.016808
2.216	-0.12061	-228.64	-5.5062	0.0043365	0.0080796	-0.015895
2.218	-0.12495	-230.97	-5.5922	0.0050821	0.0092678	-0.014981
2.22	-0.12986	-233.33	-5.6783	0.0058277	0.010456	-0.014067
2.222	-0.13521	-235.72	-5.7466	0.0056829	0.0106	-0.012571
2.224	-0.14076	-238.12	-5.8149	0.0055382	0.010745	-0.011075
2.226	-0.14626	-240.53	-5.8617	0.0053934	0.010889	-0.0095789
2.228	-0.15151	-242.94	-5.8869	0.0052487	0.011034	-0.0080828
2.23	-0.1564	-245.35	-5.912	0.0051039	0.011178	-0.0065868
2.232	-0.16098	-247.73	-5.8758	0.0041497	0.010256	-0.0050956
2.234	-0.16538	-250.09	-5.8396	0.0031955	0.0093333	-0.0036045
2.236	-0.16982	-252.4	-5.7691	0.0022413	0.0084109	-0.0021134
2.238	-0.17449	-254.66	-5.6643	0.0012871	0.0074884	-0.00062226
2.24	-0.17953	-256.85	-5.5596	0.00033291	0.0065659	0.00086887
2.242	-0.1849	-258.96	-5.3918	-0.00082035	0.0051838	0.0019325
2.244	-0.19046	-260.98	-5.224	-0.0019736	0.0038017	0.0029961
2.246	-0.19591	-262.89	-5.033	-0.0031269	0.0024196	0.0040597
2.248	-0.20089	-264.68	-4.8186	-0.0042802	0.0010375	0.0051233
2.25	-0.20506	-266.35	-4.6042	-0.0054334	-0.00034458	0.0061869
2.252	-0.20816	-267.86	-4.3666	-0.0061831	-0.0015126	0.006735
2.254	-0.2101	-269.22	-4.1289	-0.0069329	-0.0026806	0.007283
2.256	-0.21098	-270.41	-3.8922	-0.0076826	-0.0038487	0.007831
2.258	-0.21104	-271.43	-3.6563	-0.0084323	-0.0050167	0.008379
2.26	-0.21066	-272.25	-3.4204	-0.009182	-0.0061847	0.0089271
2.262	-0.21023	-272.88	-3.2079	-0.009173	-0.0067828	0.0090225
2.264	-0.21005	-273.3	-2.9955	-0.009164	-0.0073808	0.0091179
2.266	-0.2103	-273.51	-2.8021	-0.0091549	-0.0079788	0.0092134
2.268	-0.21098	-273.5	-2.6278	-0.0091459	-0.0085768	0.0093088
2.27	-0.2119	-273.27	-2.4535	-0.0091369	-0.0091748	0.0094043
2.272	-0.21275	-272.8	-2.3234	-0.0083245	-0.0091628	0.0091657
2.274	-0.21319	-272.11	-2.1934	-0.0075121	-0.0091507	0.0089272
2.276	-0.2129	-271.18	-2.0844	-0.0066997	-0.0091387	0.0086886
2.278	-0.21171	-270.01	-1.9965	-0.0058873	-0.0091267	0.00845
2.28	-0.2096	-268.62	-1.9086	-0.0050749	-0.0091146	0.0082115
2.282	-0.20672	-266.99	-1.8549	-0.0037618	-0.0086564	0.0078887
2.284	-0.20333	-265.13	-1.8012	-0.0024486	-0.0081982	0.007566
2.286	-0.19977	-263.05	-1.7593	-0.0011355	-0.00774	0.0072432
2.288	-0.19629	-260.75	-1.729	0.00017763	-0.0072818	0.0069204
2.29	-0.19305	-258.23	-1.6987	0.0014908	-0.0068236	0.0065977
2.292	-0.19004	-255.52	-1.6812	0.0028635	-0.0061801	0.0064319
2.294	-0.18707	-252.59	-1.6637	0.0042363	-0.0055366	0.0062662
2.296	-0.18386	-249.49	-1.6484	0.0056091	-0.0048931	0.0061005
2.298	-0.18008	-246.2	-1.6354	0.0069818	-0.0042495	0.0059347
2.3	-0.17544	-242.74	-1.6223	0.0083546	-0.003606	0.005769
2.302	-0.16981	-239.11	-1.6092	0.0095523	-0.0029537	0.0056502
2.304	-0.16322	-235.34	-1.5961	0.01075	-0.0023015	0.0055315
2.306	-0.1559	-231.42	-1.5825	0.011948	-0.0016492	0.0054127
2.308	-0.14822	-227.38	-1.5682	0.013146	-0.00099687	0.0052939
2.31	-0.14058	-223.21	-1.554	0.014343	-0.00034457	0.0051751
2.312	-0.13334	-218.95	-1.54	0.015334	0.00033101	0.0046843
2.314	-0.12672	-214.58	-1.526	0.016325	0.0010066	0.0041935
2.316	-0.12075	-210.12	-1.5132	0.017315	0.0016822	0.0037027
2.318	-0.11522	-205.59	-1.5016	0.018306	0.0023578	0.0032119
2.32	-0.1098	-201	-1.49	0.019297	0.0030334	0.0027211
2.322	-0.10408	-196.34	-1.4818	0.019959	0.0037522	0.0016914
2.324	-0.097676	-191.64	-1.4737	0.020622	0.004471	0.00066166
2.326	-0.090375	-186.9	-1.4667	0.021285	0.0051899	-0.00036805
2.328	-0.082166	-182.13	-1.461	0.021947	0.0059087	-0.0013978
2.33	-0.073274	-177.33	-1.4553	0.02261	0.0066276	-0.0024275
2.332	-0.064112	-172.52	-1.4484	0.022698	0.0071398	-0.0035858
2.334	-0.055189	-167.69	-1.4415	0.022786	0.0076521	-0.0047441
2.336	-0.046988	-162.86	-1.4314	0.022873	0.0081643	-0.0059024
2.338	-0.039845	-158.03	-1.4182	0.022961	0.0086766	-0.0070607
2.34	-0.033864	-153.21	-1.4049	0.023049	0.0091889	-0.0082191
2.342	-0.028886	-148.39	-1.3803	0.022481	0.0090731	-0.0089266
2.344	-0.024524	-143.58	-1.3557	0.021913	0.0089573	-0.0096342
2.346	-0.020258	-138.79	-1.3241	0.021345	0.0088415	-0.010342
2.348	-0.015564	-134.01	-1.2855	0.020777	0.0087257	-0.011049
2.35	-0.010057	-129.25	-1.2469	0.020209	0.00861	-0.011757
2.352	-0.0035977	-124.51	-1.1962	0.019248	0.0077637	-0.011793
2.354	0.0036598	-119.8	-1.1454	0.018288	0.0069175	-0.01183
2.356	0.011286	-115.1	-1.0922	0.017328	0.0060713	-0.011866
2.358	0.018667	-110.43	-1.0364	0.016368	0.0052251	-0.011903
2.36	0.025149	-105.79	-0.98067	0.015408	0.0043789	-0.011939
2.362	0.030197	-101.17	-0.93127	0.014476	0.0032929	-0.011398
2.364	0.03353	-96.571	-0.88187	0.013543	0.0022069	-0.010857
2.366	0.035207	-92.004	-0.84219	0.012611	0.0011209	-0.010316
2.368	0.035625	-87.465	-0.81221	0.011678	3.4941e-05	-0.0097755
2.37	0.035449	-82.955	-0.78224	0.010746	-0.001051	-0.0092346
2.372	0.035459	-78.476	-0.78244	0.010055	-0.0016853	-0.0082559
2.374	0.036378	-74.028	-0.78265	0.0093636	-0.0023195	-0.0072773
2.376	0.038699	-69.616	-0.80013	0.0086726	-0.0029537	-0.0062987
2.378	0.042566	-65.238	-0.83489	0.0079815	-0.0035879	-0.0053201
2.38	0.04773	-60.899	-0.86965	0.0072905	-0.0042221	-0.0043415
2.382	0.053597	-56.6	-0.93418	0.0067076	-0.0041456	-0.0031951
2.384	0.059363	-52.346	-0.99872	0.0061246	-0.0040691	-0.0020488
2.386	0.064199	-48.138	-1.0711	0.0055417	-0.0039925	-0.00090247
2.388	0.067449	-43.982	-1.1512	0.0049588	-0.003916	0.00024386
2.39	0.068792	-39.877	-1.2313	0.0043759	-0.0038395	0.0013902
2.392	0.068333	-35.834	-1.3062	0.0036364	-0.0033475	0.0021784
2.394	0.066591	-31.85	-1.3811	0.002897	-0.0028555	0.0029667
2.396	0.0644	-27.936	-1.4423	0.0021575	-0.0023635	0.0037549
2.398	0.062721	-24.09	-1.4898	0.0014181	-0.0018715	0.0045431
2.4	0.062426	-20.323	-1.5373	0.0006786	-0.0013795	0.0053314
2.402	0.064099	-16.634	-1.5404	-0.00030394	-0.00092778	0.0053252
2.404	0.067884	-13.033	-1.5436	-0.0012865	-0.00047608	0.0053191
2.406	0.073441	-9.5196	-1.5215	-0.002269	-2.4391e-05	0.0053129
2.408	0.08	-6.103	-1.4742	-0.0032515	0.0004273	0.0053067
2.41	0.086515	-2.7834	-1.4268	-0.0042341	0.00087899	0.0053006
2.412	0.091889	0.43078	-1.3365	-0.0052273	0.00098806	0.0046293
2.414	0.095199	3.5395	-1.2463	-0.0062205	0.0010971	0.003958
2.416	0.095901	6.5351	-1.1445	-0.0072137	0.0012062	0.0032867
2.418	0.093942	9.4176	-1.0313	-0.0082069	0.0013153	0.0026154
2.42	0.08978	12.181	-0.91817	-0.0092001	0.0014243	0.0019441
2.422	0.084283	14.825	-0.80957	-0.0097075	0.0011153	0.0012495
2.424	0.078542	17.345	-0.70096	-0.010215	0.00080622	0.00055485
2.426	0.073644	19.74	-0.60824	-0.010722	0.00049716	-0.00013975
2.428	0.070445	22.009	-0.5314	-0.01123	0.00018811	-0.00083435
2.43	0.069394	24.151	-0.45456	-0.011737	-0.00012095	-0.001529
2.432	0.07045	26.165	-0.42847	-0.011304	-0.00061307	-0.0016669
2.434	0.073113	28.052	-0.40238	-0.01087	-0.0011052	-0.0018048
2.436	0.076545	29.811	-0.40422	-0.010437	-0.0015973	-0.0019427
2.438	0.079771	31.443	-0.43399	-0.010003	-0.0020894	-0.0020806
2.44	0.081899	32.95	-0.46377	-0.0095697	-0.0025815	-0.0022185
2.442	0.082316	34.334	-0.53918	-0.0082958	-0.0027623	-0.0018114
2.444	0.080819	35.598	-0.61459	-0.0070219	-0.0029431	-0.0014044
2.446	0.077653	36.742	-0.70163	-0.005748	-0.0031239	-0.00099739
2.448	0.073437	37.772	-0.80031	-0.0044741	-0.0033047	-0.00059037
2.45	0.069019	38.688	-0.89899	-0.0032002	-0.0034855	-0.00018335
2.452	0.065275	39.498	-0.99342	-0.0019248	-0.0030499	0.00017694
2.454	0.062912	40.201	-1.0879	-0.0006494	-0.0026144	0.00053723
2.456	0.062309	40.805	-1.168	0.00062601	-0.0021788	0.00089752
2.458	0.06344	41.311	-1.234	0.0019014	-0.0017432	0.0012578
2.46	0.065888	41.726	-1.3	0.0031768	-0.0013077	0.0016181
2.462	0.068949	42.052	-1.3238	0.0035213	-0.00055936	0.0013624
2.464	0.071794	42.296	-1.3477	0.0038657	0.00018897	0.0011067
2.466	0.073665	42.46	-1.3508	0.0042101	0.00093729	0.00085098
2.468	0.074034	42.55	-1.3331	0.0045545	0.0016856	0.00059527
2.47	0.072721	42.568	-1.3155	0.004899	0.0024339	0.00033957
2.472	0.069922	42.522	-1.2703	0.0042162	0.0028357	-0.00043529
2.474	0.066152	42.411	-1.2252	0.0035334	0.0032375	-0.0012101
2.476	0.062121	42.244	-1.1774	0.0028506	0.0036393	-0.001985
2.478	0.05857	42.02	-1.1269	0.0021678	0.0040411	-0.0027599
2.48	0.056105	41.745	-1.0764	0.001485	0.0044429	-0.0035347
2.482	0.055072	41.421	-1.0434	0.0006167	0.004199	-0.0041094
2.484	0.055494	41.052	-1.0104	-0.00025157	0.0039551	-0.0046842
2.486	0.057083	40.639	-0.99421	-0.0011198	0.0037112	-0.0052589
2.488	0.059329	40.186	-0.99477	-0.0019881	0.0034673	-0.0058336
2.49	0.061627	39.693	-0.99532	-0.0028564	0.0032234	-0.0064083
2.492	0.063424	39.164	-1.0338	-0.0030167	0.0026907	-0.0062041
2.494	0.064341	38.598	-1.0723	-0.003177	0.0021579	-0.0059998
2.496	0.064254	37.999	-1.1257	-0.0033373	0.0016252	-0.0057955
2.498	0.063297	37.367	-1.1941	-0.0034975	0.0010925	-0.0055913
2.5	0.061812	36.702	-1.2624	-0.0036578	0.00055982	-0.005387
2.502	0.060243	36.006	-1.3432	-0.0030122	0.00027204	-0.0046058
2.504	0.059009	35.279	-1.4239	-0.0023666	-1.5736e-05	-0.0038246
2.506	0.058397	34.521	-1.5005	-0.0017209	-0.00030351	-0.0030434
2.508	0.058483	33.733	-1.5729	-0.0010753	-0.00059129	-0.0022622
2.51	0.059111	32.915	-1.6453	-0.00042963	-0.00087907	-0.001481
2.512	0.059934	32.068	-1.692	0.0003613	-0.00082634	-0.00087621
2.514	0.060512	31.19	-1.7387	0.0011522	-0.0007736	-0.00027137
2.516	0.060422	30.283	-1.7681	0.0019432	-0.00072086	0.00033347
2.518	0.059372	29.347	-1.7802	0.0027341	-0.00066813	0.00093831
2.52	0.05728	28.382	-1.7923	0.003525	-0.00061539	0.0015431
2.522	0.054306	27.388	-1.7713	0.0037358	-0.00057165	0.0014739
2.524	0.050827	26.366	-1.7503	0.0039465	-0.0005279	0.0014046
2.526	0.047355	25.316	-1.7179	0.0041572	-0.00048416	0.0013353
2.528	0.044427	24.238	-1.6742	0.0043679	-0.00044041	0.001266
2.53	0.042493	23.135	-1.6305	0.0045787	-0.00039667	0.0011967
2.532	0.04182	22.006	-1.5793	0.0040016	-0.00063485	0.00062203
2.534	0.042445	20.852	-1.528	0.0034246	-0.00087303	4.7366e-05
2.536	0.044172	19.676	-1.4801	0.0028475	-0.0011112	-0.0005273
2.538	0.046632	18.477	-1.4356	0.0022705	-0.0013494	-0.001102
2.54	0.049366	17.259	-1.3912	0.0016934	-0.0015876	-0.0016766
2.542	0.051924	16.022	-1.363	0.00068311	-0.0019357	-0.0022812
2.544	0.053959	14.768	-1.3347	-0.0003272	-0.0022838	-0.0028857
2.546	0.05528	13.5	-1.3158	-0.0013375	-0.0026319	-0.0034903
2.548	0.055869	12.219	-1.3062	-0.0023478	-0.0029801	-0.0040948
2.55	0.055853	10.927	-1.2966	-0.0033581	-0.0033282	-0.0046993
2.552	0.05544	9.628	-1.3017	-0.004195	-0.0033804	-0.005059
2.554	0.054855	8.322	-1.3068	-0.0050319	-0.0034326	-0.0054187
2.556	0.054273	7.0136	-1.3158	-0.0058687	-0.0034848	-0.0057784
2.558	0.053777	5.703	-1.3288	-0.0067056	-0.003537	-0.006138
2.56	0.053358	4.3949	-1.3417	-0.0075425	-0.0035892	-0.0064977
2.562	0.052941	3.0894	-1.3564	-0.007635	-0.0032155	-0.0065823
2.564	0.052438	1.7913	-1.3712	-0.0077274	-0.0028417	-0.0066669
2.566	0.051801	0.50046	-1.386	-0.0078199	-0.002468	-0.0067514
2.568	0.051063	-0.7785	-1.4009	-0.0079124	-0.0020942	-0.006836
2.57	0.050351	-2.0456	-1.4157	-0.0080049	-0.0017205	-0.0069206
2.572	0.049863	-3.2967	-1.4341	-0.0070809	-0.0012311	-0.0066994
2.574	0.049813	-4.5317	-1.4525	-0.0061568	-0.00074164	-0.0064782
2.576	0.050361	-5.747	-1.4761	-0.0052328	-0.00025221	-0.0062571
2.578	0.051546	-6.9426	-1.5049	-0.0043087	0.00023721	-0.0060359
2.58	0.053245	-8.1154	-1.5337	-0.0033847	0.00072663	-0.0058148
2.582	0.055166	-9.2653	-1.5796	-0.0018308	0.00097145	-0.0051957
2.584	0.056897	-10.39	-1.6254	-0.00027683	0.0012163	-0.0045767
2.586	0.057986	-11.489	-1.6807	0.0012771	0.0014611	-0.0039576
2.588	0.058045	-12.561	-1.7454	0.002831	0.0017059	-0.0033386
2.59	0.056857	-13.606	-1.81	0.0043849	0.0019507	-0.0027195
2.592	0.05444	-14.622	-1.8874	0.0054986	0.0019586	-0.0017591
2.594	0.051072	-15.61	-1.9647	0.0066122	0.0019664	-0.00079866
2.596	0.047254	-16.568	-2.041	0.0077258	0.0019742	0.00016176
2.598	0.043613	-17.498	-2.1163	0.0088394	0.001982	0.0011222
2.6	0.040773	-18.398	-2.1916	0.009953	0.0019898	0.0020826
2.602	0.039215	-19.269	-2.2447	0.0096346	0.0020201	0.0029759
2.604	0.039162	-20.111	-2.2977	0.0093162	0.0020503	0.0038693
2.606	0.040521	-20.925	-2.3296	0.0089978	0.0020806	0.0047626
2.608	0.042889	-21.71	-2.3402	0.0086793	0.0021109	0.0056559
2.61	0.045629	-22.467	-2.3509	0.0083609	0.0021412	0.0065493
2.612	0.048006	-23.196	-2.3058	0.0066246	0.0022575	0.0067649
2.614	0.049344	-23.899	-2.2606	0.0048883	0.0023739	0.0069806
2.616	0.049178	-24.575	-2.187	0.003152	0.0024903	0.0071963
2.618	0.047355	-25.226	-2.0849	0.0014157	0.0026066	0.007412
2.62	0.044076	-25.851	-1.9828	-0.00032064	0.002723	0.0076277
2.622	0.039855	-26.452	-1.8368	-0.0024248	0.0026861	0.0069078
2.624	0.035402	-27.03	-1.6909	-0.004529	0.0026491	0.0061878
2.626	0.031471	-27.584	-1.5357	-0.0066332	0.0026122	0.0054679
2.628	0.028694	-28.116	-1.3714	-0.0087374	0.0025753	0.004748
2.63	0.027441	-28.626	-1.207	-0.010842	0.0025384	0.0040281
2.632	0.027743	-29.115	-1.056	-0.012066	0.0021869	0.0028813
2.634	0.029286	-29.583	-0.90499	-0.01329	0.0018354	0.0017345
2.636	0.031486	-30.032	-0.77554	-0.014514	0.001484	0.00058769
2.638	0.033624	-30.461	-0.66766	-0.015738	0.0011325	-0.0005591
2.64	0.035007	-30.871	-0.55978	-0.016962	0.00078105	-0.0017059
2.642	0.035122	-31.263	-0.51515	-0.016651	0.00032481	-0.0023578
2.644	0.033749	-31.637	-0.47052	-0.016339	-0.00013142	-0.0030098
2.646	0.031006	-31.994	-0.46027	-0.016028	-0.00058766	-0.0036617
2.648	0.027318	-32.335	-0.48439	-0.015716	-0.0010439	-0.0043136
2.65	0.023324	-32.658	-0.50852	-0.015404	-0.0015001	-0.0049656
2.652	0.019736	-32.967	-0.59176	-0.013768	-0.0017056	-0.004638
2.654	0.017187	-33.26	-0.67499	-0.012132	-0.001911	-0.0043104
2.656	0.016106	-33.538	-0.77736	-0.010496	-0.0021165	-0.0039828
2.658	0.016638	-33.802	-0.89885	-0.0088599	-0.0023219	-0.0036552
2.66	0.018629	-34.052	-1.0203	-0.0072237	-0.0025273	-0.0033276
2.662	0.021678	-34.289	-1.155	-0.0051879	-0.0023955	-0.0023525
2.664	0.025231	-34.514	-1.2896	-0.0031521	-0.0022636	-0.0013774
2.666	0.028707	-34.726	-1.4199	-0.0011162	-0.0021317	-0.00040227
2.668	0.031614	-34.926	-1.5458	0.0009196	-0.0019998	0.00057284
2.67	0.033639	-35.115	-1.6717	0.0029554	-0.001868	0.0015479
2.672	0.034688	-35.294	-1.776	0.0043176	-0.0015988	0.0024838
2.674	0.03488	-35.463	-1.8803	0.0056798	-0.0013296	0.0034197
2.676	0.034493	-35.622	-1.9727	0.007042	-0.0010604	0.0043556
2.678	0.033888	-35.773	-2.0532	0.0084042	-0.00079121	0.0052914
2.68	0.033424	-35.916	-2.1337	0.0097664	-0.00052202	0.0062273
2.682	0.033388	-36.05	-2.1972	0.0099906	-0.00024441	0.0067369
2.684	0.033953	-36.179	-2.2606	0.010215	3.3192e-05	0.0072466
2.686	0.035168	-36.3	-2.3208	0.010439	0.0003108	0.0077562
2.688	0.036979	-36.416	-2.3778	0.010663	0.0005884	0.0082658
2.69	0.039274	-36.527	-2.4348	0.010887	0.00086601	0.0087754
2.692	0.041913	-36.633	-2.4942	0.010354	0.0012181	0.008901
2.694	0.04477	-36.734	-2.5537	0.0098206	0.0015702	0.0090267
2.696	0.047749	-36.833	-2.6159	0.0092874	0.0019224	0.0091524
2.698	0.050777	-36.928	-2.6809	0.0087541	0.0022745	0.009278
2.7	0.05379	-37.021	-2.746	0.0082208	0.0026266	0.0094037
2.702	0.056711	-37.111	-2.8125	0.0075627	0.0029879	0.0092742
2.704	0.059438	-37.2	-2.879	0.0069045	0.0033493	0.0091447
2.706	0.061838	-37.288	-2.9418	0.0062464	0.0037107	0.0090153
2.708	0.063766	-37.375	-3.0006	0.0055883	0.004072	0.0088858
2.71	0.065097	-37.462	-3.0595	0.0049302	0.0044334	0.0087564
2.712	0.065757	-37.548	-3.1006	0.0043447	0.0044349	0.0083288
2.714	0.065756	-37.635	-3.1416	0.0037592	0.0044365	0.0079013
2.716	0.065193	-37.722	-3.1702	0.0031737	0.0044381	0.0074738
2.718	0.064249	-37.811	-3.1863	0.0025882	0.0044397	0.0070463
2.72	0.063154	-37.901	-3.2025	0.0020027	0.0044413	0.0066187
2.722	0.062133	-37.993	-3.1932	0.0013095	0.0038438	0.0058185
2.724	0.061358	-38.087	-3.1839	0.00061634	0.0032463	0.0050184
2.726	0.060904	-38.184	-3.1648	-7.6858e-05	0.0026488	0.0042182
2.728	0.060733	-38.284	-3.136	-0.00077005	0.0020513	0.003418
2.73	0.060709	-38.388	-3.1072	-0.0014632	0.0014537	0.0026178
2.732	0.060635	-38.497	-3.0693	-0.0022331	0.00062083	0.001645
2.734	0.060307	-38.611	-3.0315	-0.003003	-0.00021209	0.00067222
2.736	0.059581	-38.731	-2.9948	-0.0037728	-0.001045	-0.00030055
2.738	0.058411	-38.857	-2.9594	-0.0045427	-0.0018779	-0.0012733
2.74	0.056869	-38.991	-2.924	-0.0053126	-0.0027109	-0.0022461
2.742	0.055127	-39.134	-2.9	-0.0057185	-0.0030924	-0.002911
2.744	0.053403	-39.287	-2.8761	-0.0061244	-0.0034739	-0.0035759
2.746	0.051896	-39.45	-2.8601	-0.0065303	-0.0038555	-0.0042408
2.748	0.050715	-39.626	-2.8521	-0.0069362	-0.004237	-0.0049057
2.75	0.049829	-39.815	-2.8441	-0.0073421	-0.0046185	-0.0055706
2.752	0.049056	-40.02	-2.8523	-0.0070218	-0.0043098	-0.0055789
2.754	0.04809	-40.241	-2.8605	-0.0067015	-0.0040011	-0.0055871
2.756	0.04657	-40.481	-2.8757	-0.0063812	-0.0036923	-0.0055953
2.758	0.044179	-40.739	-2.8978	-0.0060609	-0.0033836	-0.0056035
2.76	0.040737	-41.021	-2.9198	-0.0057406	-0.0030748	-0.0056117
2.762	0.036269	-41.325	-2.9535	-0.0048847	-0.0025243	-0.0050944
2.764	0.031034	-41.655	-2.9871	-0.0040288	-0.0019737	-0.004577
2.766	0.025488	-42.011	-3.0262	-0.0031729	-0.0014231	-0.0040596
2.768	0.020193	-42.398	-3.0708	-0.0023169	-0.00087255	-0.0035422
2.77	0.015691	-42.814	-3.1154	-0.001461	-0.00032198	-0.0030249
2.772	0.012367	-43.265	-3.1723	-0.00068311	-6.6486e-05	-0.00239
2.774	0.01032	-43.749	-3.2293	9.4807e-05	0.00018901	-0.0017552
2.776	0.0092968	-44.27	-3.2933	0.00087272	0.0004445	-0.0011203
2.778	0.0086953	-44.828	-3.3644	0.0016506	0.00069999	-0.00048547
2.78	0.0076383	-45.428	-3.4356	0.0024286	0.00095548	0.00014938
2.782	0.0051152	-46.067	-3.5208	0.0025854	0.00089814	0.00069303
2.784	0.00015957	-46.75	-3.606	0.0027422	0.00084081	0.0012367
2.786	-0.0079691	-47.477	-3.696	0.0028991	0.00078347	0.0017803
2.788	-0.019635	-48.249	-3.791	0.0030559	0.00072613	0.002324
2.79	-0.034741	-49.067	-3.8859	0.0032127	0.00066879	0.0028676
2.792	-0.052717	-49.932	-3.9813	0.0026511	0.00066749	0.0033762
2.794	-0.072598	-50.844	-4.0768	0.0020896	0.00066619	0.0038847
2.796	-0.093149	-51.804	-4.166	0.001528	0.00066489	0.0043933
2.798	-0.11304	-52.813	-4.2491	0.00096639	0.00066359	0.0049018
2.8	-0.13099	-53.869	-4.3321	0.00040481	0.00066229	0.0054103
2.802	-0.14593	-54.974	-4.3895	-0.00046903	0.00091376	0.0058524
2.804	-0.15709	-56.126	-4.4469	-0.0013429	0.0011652	0.0062944
2.806	-0.16399	-57.326	-4.4866	-0.0022167	0.0014167	0.0067364
2.808	-0.16646	-58.571	-4.5085	-0.0030906	0.0016682	0.0071785
2.81	-0.16457	-59.862	-4.5304	-0.0039644	0.0019196	0.0076205
2.812	-0.15856	-61.197	-4.5142	-0.0045486	0.0022326	0.0077574
2.814	-0.1488	-62.575	-4.498	-0.0051327	0.0025456	0.0078943
2.816	-0.13575	-63.994	-4.4657	-0.0057169	0.0028585	0.0080312
2.818	-0.11995	-65.453	-4.4173	-0.0063011	0.0031715	0.0081681
2.82	-0.10207	-66.949	-4.3689	-0.0068852	0.0034845	0.008305
2.822	-0.082897	-68.483	-4.3024	-0.0068727	0.0035513	0.0079975
2.824	-0.063335	-70.048	-4.2359	-0.0068602	0.0036182	0.00769
2.826	-0.044386	-71.647	-4.1699	-0.0068477	0.0036851	0.0073825
2.828	-0.027057	-73.274	-4.1045	-0.0068353	0.003752	0.0070751
2.83	-0.012257	-74.93	-4.039	-0.0068228	0.0038189	0.0067676
2.832	-0.00067044	-76.609	-3.9944	-0.006396	0.0035231	0.0062033
2.834	0.0073562	-78.312	-3.9497	-0.0059692	0.0032274	0.005639
2.836	0.011879	-80.034	-3.9233	-0.0055424	0.0029316	0.0050748
2.838	0.013369	-81.776	-3.9152	-0.0051156	0.0026358	0.0045105
2.84	0.012645	-83.531	-3.9071	-0.0046888	0.0023401	0.0039462
2.842	0.010739	-85.302	-3.9435	-0.004227	0.0018153	0.0034907
2.844	0.0087233	-87.082	-3.98	-0.0037653	0.0012905	0.0030352
2.846	0.0075175	-88.872	-4.0381	-0.0033035	0.00076566	0.0025797
2.848	0.0077387	-90.668	-4.1178	-0.0028417	0.00024085	0.0021241
2.85	0.0096035	-92.47	-4.1976	-0.0023799	-0.00028395	0.0016686
2.852	0.012916	-94.274	-4.3103	-0.0020963	-0.00074826	0.0016
2.854	0.017141	-96.08	-4.4231	-0.0018127	-0.0012126	0.0015314
2.856	0.021546	-97.885	-4.544	-0.0015292	-0.0016769	0.0014628
2.858	0.025378	-99.688	-4.6732	-0.0012456	-0.0021412	0.0013942
2.86	0.028043	-101.49	-4.8023	-0.00096203	-0.0026055	0.0013256
2.862	0.029231	-103.28	-4.9286	-0.00085219	-0.0027229	0.0016901
2.864	0.028976	-105.07	-5.055	-0.00074235	-0.0028403	0.0020546
2.866	0.027634	-106.85	-5.1713	-0.00063251	-0.0029577	0.002419
2.868	0.025786	-108.62	-5.2776	-0.00052267	-0.0030751	0.0027835
2.87	0.024084	-110.38	-5.3838	-0.00041283	-0.0031926	0.0031479
2.872	0.023092	-112.14	-5.4586	-0.00039595	-0.0029106	0.0037164
2.874	0.023158	-113.88	-5.5334	-0.00037908	-0.0026286	0.0042849
2.876	0.02433	-115.61	-5.5908	-0.00036221	-0.0023467	0.0048533
2.878	0.026365	-117.32	-5.631	-0.00034534	-0.0020647	0.0054218
2.88	0.028797	-119.03	-5.6711	-0.00032847	-0.0017828	0.0059903
2.882	0.031061	-120.72	-5.6826	-0.00034263	-0.00141	0.0063728
2.884	0.032637	-122.4	-5.694	-0.00035679	-0.0010372	0.0067554
2.886	0.03318	-124.06	-5.6977	-0.00037096	-0.0006644	0.0071379
2.888	0.032595	-125.71	-5.6938	-0.00038512	-0.00029161	0.0075205
2.89	0.031043	-127.35	-5.6898	-0.00039929	8.1171e-05	0.007903
2.892	0.028889	-128.97	-5.6879	-0.00041381	0.00010321	0.0078879
2.894	0.026583	-130.58	-5.686	-0.00042834	0.00012524	0.0078728
2.896	0.024536	-132.17	-5.6936	-0.00044286	0.00014728	0.0078577
2.898	0.023003	-133.75	-5.7107	-0.00045739	0.00016932	0.0078425
2.9	0.022009	-135.32	-5.7279	-0.00047191	0.00019135	0.0078274
2.902	0.021347	-136.87	-5.7762	-0.00046338	-0.00027033	0.0076328
2.904	0.020633	-138.41	-5.8245	-0.00045485	-0.00073202	0.0074381
2.906	0.019425	-139.93	-5.8904	-0.00044632	-0.0011937	0.0072434
2.908	0.017342	-141.45	-5.974	-0.00043778	-0.0016554	0.0070487
2.91	0.014191	-142.95	-6.0575	-0.00042925	-0.0021171	0.0068541
2.912	0.01003	-144.45	-6.1712	-0.00040064	-0.0027229	0.0068729
2.914	0.0051678	-145.93	-6.2849	-0.00037203	-0.0033288	0.0068916
2.916	0.00010326	-147.4	-6.4072	-0.00034342	-0.0039346	0.0069104
2.918	-0.0046034	-148.87	-6.5382	-0.00031481	-0.0045405	0.0069292
2.92	-0.0084694	-150.33	-6.6691	-0.0002862	-0.0051463	0.006948
2.922	-0.011219	-151.78	-6.8003	-0.00038594	-0.0054174	0.0071979
2.924	-0.012864	-153.23	-6.9314	-0.00048568	-0.0056884	0.0074479
2.926	-0.013717	-154.68	-7.0542	-0.00058543	-0.0059595	0.0076978
2.928	-0.014318	-156.13	-7.1685	-0.00068517	-0.0062305	0.0079477
2.93	-0.015303	-157.57	-7.2829	-0.00078491	-0.0065016	0.0081976
2.932	-0.01725	-159.03	-7.3681	-0.0013264	-0.006295	0.008204
2.934	-0.020526	-160.48	-7.4533	-0.0018678	-0.0060885	0.0082105
2.936	-0.025188	-161.94	-7.5213	-0.0024093	-0.005882	0.0082169
2.938	-0.030955	-163.41	-7.572	-0.0029507	-0.0056755	0.0082234
2.94	-0.037272	-164.89	-7.6227	-0.0034922	-0.005469	0.0082298
2.942	-0.043437	-166.38	-7.6416	-0.0046194	-0.0050851	0.0075834
2.944	-0.048777	-167.88	-7.6604	-0.0057467	-0.0047012	0.006937
2.946	-0.05282	-169.4	-7.6677	-0.0068739	-0.0043173	0.0062906
2.948	-0.055419	-170.94	-7.6636	-0.0080012	-0.0039333	0.0056441
2.95	-0.056807	-172.5	-7.6595	-0.0091284	-0.0035494	0.0049977
2.952	-0.057552	-174.08	-7.6451	-0.010425	-0.003383	0.0039458
2.954	-0.058431	-175.68	-7.6307	-0.011721	-0.0032166	0.0028938
2.956	-0.060248	-177.3	-7.6177	-0.013017	-0.0030502	0.0018418
2.958	-0.06364	-178.95	-7.6062	-0.014313	-0.0028838	0.00078987
2.96	-0.068923	-180.62	-7.5948	-0.015609	-0.0027173	-0.00026209
2.962	-0.076002	-182.31	-7.5973	-0.016296	-0.0028541	-0.00090666
2.964	-0.084383	-184.03	-7.5999	-0.016984	-0.0029909	-0.0015512
2.966	-0.093285	-185.78	-7.6132	-0.017671	-0.0031278	-0.0021958
2.968	-0.10181	-187.55	-7.6372	-0.018359	-0.0032646	-0.0028404
2.97	-0.10916	-189.33	-7.6612	-0.019047	-0.0034014	-0.0034849
2.972	-0.11482	-191.14	-7.7093	-0.018738	-0.0035675	-0.003068
2.974	-0.11865	-192.97	-7.7574	-0.01843	-0.0037337	-0.002651
2.976	-0.12097	-194.81	-7.8164	-0.018121	-0.0038998	-0.0022341
2.978	-0.12244	-196.66	-7.8862	-0.017813	-0.004066	-0.0018172
2.98	-0.1239	-198.52	-7.9561	-0.017505	-0.0042322	-0.0014002
2.982	-0.1262	-200.38	-8.0406	-0.016611	-0.004098	-6.0708e-05
2.984	-0.12995	-202.24	-8.1251	-0.015717	-0.0039639	0.0012788
2.986	-0.13543	-204.09	-8.2112	-0.014823	-0.0038297	0.0026183
2.988	-0.14248	-205.92	-8.2989	-0.013929	-0.0036956	0.0039578
2.99	-0.15055	-207.73	-8.3866	-0.013035	-0.0035615	0.0052973
2.992	-0.15886	-209.52	-8.463	-0.012302	-0.0030565	0.0067235
2.994	-0.16653	-211.27	-8.5393	-0.01157	-0.0025515	0.0081497
2.996	-0.17285	-212.97	-8.6022	-0.010837	-0.0020465	0.0095759
2.998	-0.17743	-214.62	-8.6515	-0.010105	-0.0015415	0.011002
3	-0.18025	-216.21	-8.7009	-0.0093722	-0.0010365	0.012428
3.002	-0.18169	-217.73	-8.7098	-0.0091509	-0.0003945	0.013129
3.004	-0.18244	-219.16	-8.7187	-0.0089297	0.00024753	0.01383
3.006	-0.18327	-220.51	-8.7033	-0.0087084	0.00088955	0.01453
3.008	-0.18491	-221.76	-8.6637	-0.0084871	0.0015316	0.015231
3.01	-0.18779	-222.9	-8.6241	-0.0082659	0.0021736	0.015932
3.012	-0.19197	-223.91	-8.5359	-0.0083804	0.0025918	0.015706
3.014	-0.19712	-224.8	-8.4478	-0.0084949	0.0030099	0.01548
3.016	-0.2026	-225.54	-8.3397	-0.0086093	0.0034281	0.015254
3.018	-0.2076	-226.14	-8.2118	-0.0087238	0.0038463	0.015028
3.02	-0.21132	-226.58	-8.084	-0.0088383	0.0042644	0.014802
3.022	-0.21323	-226.85	-7.9319	-0.0090766	0.0041729	0.013982
3.024	-0.21311	-226.94	-7.7798	-0.0093148	0.0040814	0.013162
3.026	-0.21119	-226.86	-7.6246	-0.0095531	0.0039899	0.012342
3.028	-0.20805	-226.57	-7.4664	-0.0097913	0.0038984	0.011522
3.03	-0.20448	-226.1	-7.3082	-0.01003	0.0038068	0.010702
3.032	-0.20134	-225.41	-7.1589	-0.010467	0.0031626	0.0097121
3.034	-0.19931	-224.52	-7.0096	-0.010904	0.0025183	0.008722
3.036	-0.19878	-223.41	-6.8687	-0.011341	0.0018741	0.0077318
3.038	-0.19969	-222.09	-6.7361	-0.011777	0.0012298	0.0067416
3.04	-0.20162	-220.54	-6.6036	-0.012214	0.00058552	0.0057514
3.042	-0.20384	-218.77	-6.4866	-0.012929	-0.00028695	0.0049066
3.044	-0.20545	-216.77	-6.3695	-0.013644	-0.0011594	0.0040619
3.046	-0.20565	-214.56	-6.2562	-0.014358	-0.0020319	0.0032171
3.048	-0.20383	-212.11	-6.1464	-0.015073	-0.0029044	0.0023724
3.05	-0.19977	-209.45	-6.0367	-0.015788	-0.0037769	0.0015276
3.052	-0.1936	-206.56	-5.924	-0.016475	-0.0042781	0.0011184
3.054	-0.18582	-203.46	-5.8113	-0.017162	-0.0047793	0.00070913
3.056	-0.17716	-200.15	-5.6939	-0.017849	-0.0052805	0.0002999
3.058	-0.1684	-196.62	-5.5718	-0.018536	-0.0057817	-0.00010933
3.06	-0.16022	-192.91	-5.4498	-0.019223	-0.0062829	-0.00051857
3.062	-0.15307	-188.99	-5.3201	-0.01937	-0.005974	-0.00027604
3.064	-0.14709	-184.89	-5.1905	-0.019516	-0.0056651	-3.3523e-05
3.066	-0.14213	-180.62	-5.0623	-0.019662	-0.0053562	0.000209
3.068	-0.13779	-176.17	-4.9356	-0.019809	-0.0050473	0.00045152
3.07	-0.13357	-171.57	-4.8089	-0.019955	-0.0047385	0.00069404
3.072	-0.12894	-166.82	-4.7006	-0.01939	-0.0038082	0.0014836
3.074	-0.12352	-161.93	-4.5923	-0.018825	-0.0028779	0.0022731
3.076	-0.11712	-156.93	-4.5003	-0.018261	-0.0019476	0.0030626
3.078	-0.10974	-151.8	-4.4246	-0.017696	-0.0010174	0.0038522
3.08	-0.10157	-146.57	-4.3488	-0.017131	-8.7103e-05	0.0046417
3.082	-0.092928	-141.25	-4.312	-0.016178	0.00070506	0.0055083
3.084	-0.084125	-135.85	-4.2751	-0.015224	0.0014972	0.0063749
3.086	-0.07545	-130.39	-4.2553	-0.014271	0.0022894	0.0072415
3.088	-0.067089	-124.87	-4.2524	-0.013317	0.0030815	0.0081081
3.09	-0.059122	-119.31	-4.2495	-0.012364	0.0038737	0.0089747
3.092	-0.051549	-113.72	-4.2659	-0.011399	0.003861	0.0094194
3.094	-0.04433	-108.11	-4.2824	-0.010433	0.0038482	0.009864
3.096	-0.037436	-102.5	-4.2994	-0.0094678	0.0038355	0.010309
3.098	-0.030878	-96.891	-4.3171	-0.0085024	0.0038228	0.010753
3.1	-0.02472	-91.3	-4.3347	-0.007537	0.0038101	0.011198
3.102	-0.019054	-85.729	-4.34	-0.0066628	0.0030405	0.011081
3.104	-0.013967	-80.199	-4.3452	-0.0057886	0.0022709	0.010964
3.106	-0.0094798	-74.71	-4.343	-0.0049144	0.0015013	0.010848
3.108	-0.0055196	-69.279	-4.3334	-0.0040402	0.00073172	0.010731
3.11	-0.0019067	-63.907	-4.3238	-0.003166	-3.7868e-05	0.010614
3.112	0.001617	-58.61	-4.3099	-0.0024732	-0.00088907	0.010239
3.114	0.0053317	-53.386	-4.2959	-0.0017805	-0.0017403	0.0098635
3.116	0.0094639	-48.251	-4.2891	-0.0010877	-0.0025915	0.0094883
3.118	0.014109	-43.203	-4.2896	-0.00039497	-0.0034427	0.0091131
3.12	0.01918	-38.255	-4.2901	0.00029779	-0.0042939	0.0087379
3.122	0.024404	-33.405	-4.3231	0.00037821	-0.0046086	0.0085675
3.124	0.029367	-28.664	-4.356	0.00045864	-0.0049233	0.0083972
3.126	0.033602	-24.03	-4.4084	0.00053907	-0.005238	0.0082268
3.128	0.036711	-19.511	-4.4804	0.0006195	-0.0055527	0.0080564
3.13	0.038482	-15.105	-4.5523	0.00069993	-0.0058674	0.0078861
3.132	0.038976	-10.819	-4.6511	-0.00030017	-0.0056335	0.0080535
3.134	0.038553	-6.6519	-4.7499	-0.0013003	-0.0053997	0.008221
3.136	0.037825	-2.6059	-4.8461	-0.0023004	-0.0051658	0.0083885
3.138	0.037554	1.3188	-4.9399	-0.0033005	-0.004932	0.008556
3.14	0.038478	5.1213	-5.0336	-0.0043006	-0.0046981	0.0087235
3.142	0.041142	8.8015	-5.0768	-0.0060429	-0.0043766	0.0087139
3.144	0.045751	12.36	-5.12	-0.0077853	-0.004055	0.0087044
3.146	0.052084	15.798	-5.1139	-0.0095277	-0.0037335	0.0086949
3.148	0.059503	19.116	-5.0585	-0.01127	-0.0034119	0.0086854
3.15	0.067053	22.314	-5.0031	-0.013012	-0.0030904	0.0086758
3.152	0.073645	25.396	-4.8101	-0.014011	-0.0029754	0.0076209
3.154	0.078281	28.362	-4.617	-0.01501	-0.0028603	0.0065661
3.156	0.080279	31.215	-4.3442	-0.016008	-0.0027453	0.0055112
3.158	0.079442	33.956	-3.9915	-0.017007	-0.0026302	0.0044563
3.16	0.076135	36.589	-3.6388	-0.018006	-0.0025152	0.0034014
3.162	0.071253	39.114	-3.1235	-0.016618	-0.0023599	0.00082007
3.164	0.066068	41.537	-2.6083	-0.015229	-0.0022047	-0.0017613
3.166	0.061991	43.857	-2.0178	-0.013841	-0.0020495	-0.0043427
3.168	0.060301	46.08	-1.3521	-0.012453	-0.0018943	-0.006924
3.17	0.061892	48.206	-0.68646	-0.011065	-0.001739	-0.0095054
3.172	0.067085	50.241	0.10884	-0.0071338	-0.0011835	-0.013345
3.174	0.075545	52.184	0.90414	-0.0032026	-0.00062792	-0.017184
3.176	0.086344	54.041	1.7524	0.0007286	-7.2374e-05	-0.021024
3.178	0.098118	55.813	2.6537	0.0046598	0.00048317	-0.024863
3.18	0.10934	57.506	3.555	0.008591	0.0010387	-0.028703
3.182	0.11858	59.119	4.5375	0.01331	0.0017404	-0.033062
3.184	0.12481	60.658	5.5199	0.018029	0.0024421	-0.037421
3.186	0.12754	62.123	6.5285	0.022748	0.0031438	-0.041781
3.188	0.12694	63.52	7.5633	0.027467	0.0038455	-0.04614
3.19	0.12374	64.849	8.5982	0.032186	0.0045471	-0.050499
3.192	0.11912	66.115	9.648	0.035542	0.0045646	-0.054358
3.194	0.11442	67.318	10.698	0.038898	0.0045821	-0.058218
3.196	0.11091	68.463	11.731	0.042255	0.0045996	-0.062077
3.198	0.10955	69.552	12.747	0.045611	0.004617	-0.065936
3.2	0.11083	70.587	13.764	0.048967	0.0046345	-0.069795
3.202	0.1147	71.57	14.69	0.050082	0.0035636	-0.071808
3.204	0.12063	72.504	15.617	0.051197	0.0024927	-0.073821
3.206	0.12777	73.39	16.471	0.052312	0.0014217	-0.075833
3.208	0.13512	74.232	17.253	0.053428	0.00035081	-0.077846
3.21	0.14176	75.03	18.035	0.054543	-0.00072011	-0.079859
3.212	0.14703	75.786	18.634	0.053717	-0.0020804	-0.079011
3.214	0.15063	76.502	19.233	0.05289	-0.0034406	-0.078162
3.216	0.15264	77.181	19.736	0.052064	-0.0048009	-0.077314
3.218	0.15349	77.821	20.142	0.051238	-0.0061611	-0.076466
3.22	0.15382	78.426	20.549	0.050412	-0.0075214	-0.075618
3.222	0.15428	78.996	20.787	0.048097	-0.0078235	-0.07241
3.224	0.15547	79.532	21.026	0.045783	-0.0081257	-0.069202
3.226	0.1577	80.034	21.207	0.043468	-0.0084279	-0.065994
3.228	0.16104	80.505	21.332	0.041154	-0.00873	-0.062786
3.23	0.16526	80.943	21.457	0.038839	-0.0090322	-0.059579
3.232	0.16993	81.349	21.536	0.035628	-0.0078712	-0.055948
3.234	0.17453	81.723	21.614	0.032417	-0.0067103	-0.052317
3.236	0.17859	82.066	21.701	0.029206	-0.0055493	-0.048686
3.238	0.18178	82.377	21.795	0.025995	-0.0043884	-0.045055
3.24	0.18401	82.656	21.888	0.022784	-0.0032274	-0.041424
3.242	0.18542	82.904	22.032	0.019985	-0.0015364	-0.03904
3.244	0.18636	83.118	22.176	0.017186	0.00015462	-0.036655
3.246	0.18729	83.299	22.345	0.014387	0.0018456	-0.03427
3.248	0.18868	83.446	22.54	0.011588	0.0035367	-0.031885
3.25	0.1909	83.559	22.735	0.0087896	0.0052277	-0.0295
3.252	0.19416	83.637	22.953	0.0078866	0.0064081	-0.02852
3.254	0.19841	83.679	23.171	0.0069835	0.0075886	-0.027541
3.256	0.20345	83.683	23.38	0.0060805	0.008769	-0.026561
3.258	0.20887	83.651	23.581	0.0051775	0.0099494	-0.025581
3.26	0.21423	83.579	23.782	0.0042744	0.01113	-0.024601
3.262	0.21912	83.469	23.937	0.0055969	0.011747	-0.024246
3.264	0.22323	83.318	24.093	0.0069194	0.012363	-0.02389
3.266	0.22645	83.126	24.225	0.0082418	0.01298	-0.023535
3.268	0.22886	82.893	24.334	0.0095643	0.013596	-0.023179
3.27	0.23071	82.617	24.444	0.010887	0.014213	-0.022823
3.272	0.23235	82.299	24.543	0.013228	0.014772	-0.022549
3.274	0.23415	81.938	24.641	0.015569	0.01533	-0.022276
3.276	0.2364	81.533	24.765	0.017909	0.015889	-0.022002
3.278	0.23926	81.085	24.913	0.02025	0.016447	-0.021728
3.28	0.24268	80.593	25.062	0.022591	0.017006	-0.021454
3.282	0.24644	80.057	25.324	0.02421	0.017538	-0.021156
3.284	0.25018	79.477	25.587	0.025829	0.018071	-0.020858
3.286	0.25343	78.854	25.928	0.027448	0.018604	-0.020559
3.288	0.25577	78.189	26.347	0.029067	0.019137	-0.020261
3.29	0.25682	77.481	26.767	0.030686	0.019669	-0.019963
3.292	0.25641	76.733	27.345	0.030811	0.019613	-0.019357
3.294	0.25451	75.943	27.923	0.030935	0.019557	-0.01875
3.296	0.25132	75.115	28.559	0.03106	0.019501	-0.018144
3.298	0.24714	74.249	29.251	0.031185	0.019444	-0.017538
3.3	0.24236	73.346	29.944	0.03131	0.019388	-0.016931
3.302	0.23735	72.408	30.673	0.030882	0.018355	-0.015299
3.304	0.2324	71.437	31.403	0.030454	0.017322	-0.013668
3.306	0.22767	70.433	32.107	0.030027	0.016289	-0.012036
3.308	0.22313	69.401	32.786	0.029599	0.015256	-0.010404
3.31	0.21864	68.341	33.466	0.029171	0.014223	-0.0087723
3.312	0.21394	67.255	34.029	0.029743	0.012594	-0.0055095
3.314	0.20873	66.145	34.592	0.030315	0.010966	-0.0022467
3.316	0.20279	65.016	35.084	0.030887	0.0093366	0.001016
3.318	0.19594	63.866	35.505	0.031459	0.0077078	0.0042788
3.32	0.18819	62.701	35.926	0.032032	0.0060789	0.0075416
3.322	0.17967	61.521	36.229	0.033583	0.0047886	0.012171
3.324	0.17061	60.331	36.531	0.035134	0.0034984	0.016801
3.326	0.16132	59.13	36.807	0.036685	0.0022081	0.021431
3.328	0.15211	57.925	37.055	0.038236	0.00091784	0.02606
3.33	0.14319	56.714	37.303	0.039787	-0.00037242	0.03069
3.332	0.13468	55.502	37.578	0.040335	-0.0006376	0.035353
3.334	0.12655	54.29	37.853	0.040883	-0.00090277	0.040016
3.336	0.11865	53.083	38.18	0.04143	-0.0011679	0.04468
3.338	0.11078	51.88	38.557	0.041978	-0.0014331	0.049343
3.34	0.10268	50.686	38.935	0.042526	-0.0016983	0.054006
3.342	0.09417	49.501	39.466	0.040624	-0.0011778	0.056941
3.344	0.085141	48.329	39.996	0.038723	-0.00065733	0.059876
3.346	0.07562	47.17	40.609	0.036821	-0.00013684	0.062811
3.348	0.065743	46.029	41.306	0.03492	0.00038364	0.065746
3.35	0.055728	44.904	42.003	0.033018	0.00090413	0.068681
3.352	0.045815	43.8	42.848	0.029922	0.0011699	0.068769
3.354	0.036206	42.717	43.694	0.026826	0.0014357	0.068857
3.356	0.027017	41.658	44.595	0.023729	0.0017014	0.068945
3.358	0.018246	40.622	45.551	0.020633	0.0019672	0.069033
3.36	0.0097813	39.612	46.507	0.017537	0.002233	0.069121
3.362	0.0014376	38.628	47.527	0.015805	0.001364	0.066523
3.364	-0.0069778	37.673	48.547	0.014074	0.00049509	0.063925
3.366	-0.015597	36.745	49.577	0.012343	-0.00037385	0.061327
3.368	-0.024429	35.847	50.616	0.010611	-0.0012428	0.058729
3.37	-0.033327	34.979	51.655	0.00888	-0.0021117	0.056131
3.372	-0.041993	34.141	52.673	0.0093483	-0.0038604	0.051929
3.374	-0.050022	33.333	53.691	0.0098166	-0.0056091	0.047727
3.376	-0.056982	32.555	54.678	0.010285	-0.0073578	0.043524
3.378	-0.062517	31.808	55.634	0.010753	-0.0091065	0.039322
3.38	-0.066431	31.091	56.59	0.011221	-0.010855	0.03512
3.382	-0.068755	30.404	57.44	0.012655	-0.01211	0.030434
3.384	-0.069771	29.746	58.291	0.014089	-0.013364	0.025749
3.386	-0.069982	29.117	59.066	0.015523	-0.014619	0.021063
3.388	-0.070023	28.516	59.763	0.016957	-0.015873	0.016377
3.39	-0.070551	27.942	60.461	0.018391	-0.017128	0.011692
3.392	-0.072115	27.393	60.958	0.019847	-0.01655	0.0072696
3.394	-0.07505	26.87	61.455	0.021302	-0.015972	0.0028472
3.396	-0.079403	26.37	61.833	0.022758	-0.015394	-0.0015751
3.398	-0.084917	25.893	62.091	0.024214	-0.014816	-0.0059974
3.4	-0.091084	25.436	62.349	0.02567	-0.014238	-0.01042
3.402	-0.097242	24.999	62.35	0.027498	-0.011802	-0.013931
3.404	-0.10271	24.579	62.352	0.029326	-0.0093658	-0.017441
3.406	-0.10692	24.177	62.231	0.031155	-0.0069298	-0.020952
3.408	-0.10956	23.788	61.987	0.032983	-0.0044938	-0.024463
3.41	-0.11057	23.413	61.743	0.034811	-0.0020578	-0.027973
3.412	-0.11022	23.049	61.292	0.036948	0.00080329	-0.029781
3.414	-0.10901	22.695	60.841	0.039086	0.0036644	-0.031589
3.416	-0.10758	22.349	60.317	0.041223	0.0065256	-0.033396
3.418	-0.10655	22.01	59.72	0.04336	0.0093867	-0.035204
3.42	-0.10642	21.676	59.123	0.045497	0.012248	-0.037012
3.422	-0.10744	21.346	58.447	0.046348	0.013813	-0.036531
3.424	-0.10961	21.018	57.772	0.047199	0.015379	-0.036051
3.426	-0.11265	20.692	57.088	0.048049	0.016944	-0.035571
3.428	-0.1161	20.366	56.397	0.0489	0.01851	-0.03509
3.43	-0.11941	20.04	55.706	0.049751	0.020075	-0.03461
3.432	-0.12206	19.712	55.049	0.047759	0.019724	-0.032118
3.434	-0.12372	19.382	54.391	0.045768	0.019372	-0.029626
3.436	-0.12425	19.048	53.767	0.043777	0.019021	-0.027134
3.438	-0.12378	18.712	53.175	0.041785	0.018669	-0.024642
3.44	-0.12261	18.372	52.584	0.039794	0.018318	-0.02215
3.442	-0.12121	18.029	52.077	0.035233	0.016863	-0.01906
3.444	-0.12003	17.682	51.57	0.030673	0.015407	-0.01597
3.446	-0.11944	17.331	51.11	0.026113	0.013952	-0.01288
3.448	-0.11961	16.976	50.699	0.021553	0.012497	-0.0097899
3.45	-0.12048	16.619	50.287	0.016992	0.011041	-0.0066999
3.452	-0.12176	16.258	49.978	0.011455	0.0097755	-0.0049682
3.454	-0.123	15.896	49.669	0.0059167	0.0085098	-0.0032364
3.456	-0.12364	15.531	49.413	0.00037874	0.0072441	-0.0015047
3.458	-0.12318	15.165	49.211	-0.0051592	0.0059784	0.00022701
3.46	-0.12126	14.798	49.009	-0.010697	0.0047126	0.0019587
3.462	-0.11773	14.43	48.912	-0.01584	0.0041718	0.0012005
3.464	-0.11272	14.062	48.814	-0.020983	0.003631	0.00044228
3.466	-0.10658	13.693	48.762	-0.026125	0.0030902	-0.00031594
3.468	-0.099873	13.325	48.755	-0.031268	0.0025494	-0.0010742
3.47	-0.093236	12.956	48.748	-0.036411	0.0020086	-0.0018324
3.472	-0.087282	12.587	48.802	-0.040471	0.0017024	-0.004274
3.474	-0.082493	12.217	48.856	-0.044532	0.0013962	-0.0067156
3.476	-0.079134	11.846	48.92	-0.048593	0.00109	-0.0091572
3.478	-0.077211	11.472	48.993	-0.052654	0.00078378	-0.011599
3.48	-0.076468	11.094	49.066	-0.056715	0.00047758	-0.01404
3.482	-0.076438	10.711	49.111	-0.059418	-0.00022009	-0.015919
3.484	-0.076523	10.32	49.156	-0.062122	-0.00091776	-0.017798
3.486	-0.076103	9.9211	49.166	-0.064825	-0.0016154	-0.019677
3.488	-0.074637	9.5086	49.143	-0.067529	-0.0023131	-0.021556
3.49	-0.071754	9.0827	49.119	-0.070232	-0.0030108	-0.023434
3.492	-0.067318	8.6371	49.002	-0.071685	-0.0039449	-0.023084
3.494	-0.061446	8.1717	48.884	-0.073138	-0.004879	-0.022733
3.496	-0.054485	7.6789	48.719	-0.074591	-0.0058131	-0.022383
3.498	-0.046953	7.1588	48.505	-0.076045	-0.0067472	-0.022032
3.5	-0.039447	6.6024	48.291	-0.077498	-0.0076813	-0.021681
3.502	-0.032547	6.01	47.996	-0.078044	-0.0081165	-0.019447
3.504	-0.026708	5.3717	47.701	-0.078591	-0.0085516	-0.017212
3.506	-0.022192	4.6877	47.377	-0.079138	-0.0089868	-0.014977
3.508	-0.019026	3.9478	47.026	-0.079685	-0.0094219	-0.012742
3.51	-0.016998	3.1521	46.674	-0.080231	-0.0098571	-0.010507
3.512	-0.015706	2.2901	46.29	-0.079836	-0.0095227	-0.0078672
3.514	-0.014633	1.362	45.906	-0.079441	-0.0091883	-0.0052273
3.516	-0.013251	0.35781	45.511	-0.079045	-0.0088539	-0.0025874
3.518	-0.011124	-0.72247	45.107	-0.07865	-0.0085195	5.2545e-05
3.52	-0.0079935	-1.8879	44.703	-0.078255	-0.0081851	0.0026925
3.522	-0.0038323	-3.1386	44.278	-0.076354	-0.0077149	0.0051234
3.524	0.0011471	-4.4823	43.852	-0.074453	-0.0072448	0.0075543
3.526	0.0065348	-5.9188	43.412	-0.072553	-0.0067747	0.0099852
3.528	0.011801	-7.4543	42.956	-0.070652	-0.0063045	0.012416
3.53	0.016406	-9.0887	42.5	-0.068751	-0.0058344	0.014847
3.532	0.019905	-10.826	42.003	-0.065312	-0.0058791	0.017699
3.534	0.022043	-12.665	41.506	-0.061873	-0.0059237	0.020552
3.536	0.022804	-14.608	40.987	-0.058433	-0.0059684	0.023404
3.538	0.02241	-16.654	40.448	-0.054994	-0.006013	0.026257
3.54	0.021274	-18.802	39.908	-0.051555	-0.0060577	0.029109
3.542	0.019897	-21.051	39.338	-0.048092	-0.0062777	0.032595
3.544	0.018759	-23.396	38.769	-0.044629	-0.0064977	0.03608
3.546	0.018208	-25.837	38.197	-0.041167	-0.0067177	0.039566
3.548	0.018372	-28.365	37.623	-0.037704	-0.0069377	0.043052
3.55	0.019131	-30.982	37.05	-0.034241	-0.0071577	0.046538
3.552	0.020142	-33.674	36.504	-0.032875	-0.0066819	0.049354
3.554	0.020921	-36.442	35.958	-0.031509	-0.0062061	0.052171
3.556	0.020966	-39.271	35.439	-0.030143	-0.0057304	0.054988
3.558	0.019886	-42.162	34.947	-0.028777	-0.0052546	0.057805
3.56	0.01751	-45.096	34.455	-0.027411	-0.0047788	0.060621
3.562	0.013953	-48.075	34.031	-0.028524	-0.0036409	0.061145
3.564	0.0096138	-51.079	33.608	-0.029637	-0.002503	0.061669
3.566	0.0051051	-54.108	33.216	-0.03075	-0.0013651	0.062193
3.568	0.001123	-57.141	32.858	-0.031863	-0.00022716	0.062717
3.57	-0.0017065	-60.179	32.499	-0.032976	0.00091076	0.06324
3.572	-0.002985	-63.201	32.188	-0.034433	0.0014108	0.061245
3.574	-0.0026598	-66.205	31.877	-0.035891	0.0019108	0.059251
3.576	-0.0010716	-69.173	31.578	-0.037348	0.0024109	0.057256
3.578	0.0010755	-72.103	31.291	-0.038805	0.0029109	0.055261
3.58	0.0028169	-74.975	31.003	-0.040263	0.0034109	0.053266
3.582	0.0030887	-77.79	30.715	-0.039495	0.0020921	0.0499
3.584	0.0009144	-80.53	30.426	-0.038728	0.00077317	0.046535
3.586	-0.0044244	-83.195	30.127	-0.03796	-0.00054572	0.043169
3.588	-0.013267	-85.769	29.818	-0.037193	-0.0018646	0.039804
3.59	-0.025528	-88.252	29.509	-0.036426	-0.0031835	0.036438
3.592	-0.040722	-90.633	29.165	-0.033076	-0.0058787	0.0331
3.594	-0.058065	-92.911	28.822	-0.029726	-0.0085739	0.029762
3.596	-0.076617	-95.078	28.456	-0.026377	-0.011269	0.026423
3.598	-0.095426	-97.134	28.067	-0.023027	-0.013964	0.023085
3.6	-0.11366	-99.076	27.679	-0.019677	-0.01666	0.019747
3.602	-0.13065	-100.9	27.235	-0.015975	-0.018764	0.017626
3.604	-0.14595	-102.61	26.792	-0.012272	-0.020868	0.015505
3.606	-0.15923	-104.21	26.317	-0.0085698	-0.022972	0.013384
3.608	-0.17021	-105.7	25.809	-0.0048674	-0.025076	0.011263
3.61	-0.17859	-107.08	25.302	-0.0011649	-0.02718	0.0091417
3.612	-0.18396	-108.36	24.726	0.00016825	-0.026826	0.009183
3.614	-0.18583	-109.54	24.15	0.0015014	-0.026471	0.0092244
3.616	-0.18364	-110.63	23.542	0.0028346	-0.026117	0.0092657
3.618	-0.17693	-111.64	22.904	0.0041677	-0.025762	0.009307
3.62	-0.16546	-112.57	22.266	0.0055009	-0.025408	0.0093483
3.622	-0.14936	-113.44	21.591	0.0036477	-0.022498	0.011587
3.624	-0.12922	-114.25	20.916	0.0017946	-0.019589	0.013826
3.626	-0.10614	-115.01	20.244	-5.8534e-05	-0.01668	0.016065
3.628	-0.081597	-115.74	19.577	-0.0019117	-0.01377	0.018304
3.63	-0.057344	-116.44	18.909	-0.0037648	-0.010861	0.020542
3.632	-0.035112	-117.13	18.308	-0.0072549	-0.0073271	0.023566
3.634	-0.016385	-117.8	17.708	-0.010745	-0.0037934	0.02659
3.636	-0.0021567	-118.49	17.17	-0.014235	-0.00025969	0.029613
3.638	0.0072188	-119.19	16.696	-0.017725	0.003274	0.032637
3.64	0.012073	-119.92	16.221	-0.021215	0.0068077	0.03566
3.642	0.013339	-120.69	15.917	-0.024097	0.0085112	0.037542
3.644	0.012367	-121.5	15.613	-0.026978	0.010215	0.039425
3.646	0.010662	-122.35	15.401	-0.029859	0.011918	0.041307
3.648	0.0096007	-123.27	15.281	-0.03274	0.013622	0.043189
3.65	0.01019	-124.26	15.16	-0.035622	0.015325	0.045071
3.652	0.012908	-125.31	15.198	-0.036758	0.01428	0.044976
3.654	0.017659	-126.44	15.237	-0.037894	0.013234	0.044881
3.656	0.023847	-127.65	15.326	-0.03903	0.012189	0.044785
3.658	0.030553	-128.94	15.464	-0.040166	0.011143	0.04469
3.66	0.036764	-130.32	15.603	-0.041302	0.010098	0.044595
3.662	0.041606	-131.77	15.765	-0.040797	0.007611	0.042989
3.664	0.044543	-133.3	15.927	-0.040292	0.0051239	0.041383
3.666	0.045468	-134.92	16.062	-0.039786	0.0026368	0.039777
3.668	0.044715	-136.6	16.169	-0.039281	0.00014969	0.03817
3.67	0.042951	-138.37	16.277	-0.038775	-0.0023374	0.036564
3.672	0.041008	-140.19	16.271	-0.036916	-0.0041241	0.033977
3.674	0.039682	-142.07	16.266	-0.035057	-0.0059107	0.03139
3.676	0.039552	-144.01	16.191	-0.033199	-0.0076974	0.028803
3.678	0.040852	-145.99	16.046	-0.03134	-0.009484	0.026216
3.68	0.04343	-148.01	15.9	-0.029481	-0.011271	0.023629
3.682	0.046804	-150.06	15.619	-0.026262	-0.011347	0.020017
3.684	0.05028	-152.13	15.338	-0.023044	-0.011422	0.016404
3.686	0.053114	-154.21	15.002	-0.019825	-0.011498	0.012792
3.688	0.054681	-156.28	14.612	-0.016607	-0.011574	0.0091791
3.69	0.054605	-158.36	14.222	-0.013388	-0.01165	0.0055666
3.692	0.052829	-160.41	13.761	-0.009099	-0.010632	0.0011396
3.694	0.049606	-162.44	13.3	-0.00481	-0.0096143	-0.0032874
3.696	0.045423	-164.44	12.819	-0.00052087	-0.0085965	-0.0077144
3.698	0.040887	-166.39	12.319	0.0037682	-0.0075787	-0.012141
3.7	0.036593	-168.3	11.818	0.0080573	-0.0065609	-0.016568
3.702	0.033005	-170.15	11.301	0.012346	-0.005563	-0.020619
3.704	0.03039	-171.94	10.784	0.016634	-0.0045652	-0.02467
3.706	0.028798	-173.66	10.262	0.020923	-0.0035673	-0.028721
3.708	0.0281	-175.32	9.7362	0.025211	-0.0025695	-0.032772
3.71	0.02806	-176.9	9.2104	0.029499	-0.0015716	-0.036822
3.712	0.028413	-178.41	8.6787	0.032419	-0.0010517	-0.039059
3.714	0.028942	-179.85	8.1471	0.035339	-0.00053175	-0.041295
3.716	0.029512	-181.22	7.6141	0.038259	-1.1829e-05	-0.043532
3.718	0.030075	-182.51	7.08	0.041179	0.00050809	-0.045768
3.72	0.030626	-183.73	6.5458	0.044099	0.001028	-0.048005
3.722	0.031152	-184.89	6.0193	0.044895	0.0013399	-0.047994
3.724	0.031579	-185.99	5.4928	0.045691	0.0016518	-0.047982
3.726	0.031736	-187.03	4.979	0.046487	0.0019636	-0.047971
3.728	0.031364	-188.03	4.4779	0.047283	0.0022755	-0.04796
3.73	0.030161	-188.98	3.9767	0.048079	0.0025874	-0.047948
3.732	0.027858	-189.9	3.5219	0.046973	0.003086	-0.046431
3.734	0.024306	-190.79	3.067	0.045866	0.0035846	-0.044913
3.736	0.019549	-191.67	2.6439	0.04476	0.0040833	-0.043396
3.738	0.013858	-192.54	2.2524	0.043654	0.0045819	-0.041878
3.74	0.0077119	-193.41	1.861	0.042547	0.0050805	-0.040361
3.742	0.0017221	-194.29	1.5404	0.04038	0.0058288	-0.038358
3.744	-0.0034872	-195.2	1.2197	0.038213	0.0065771	-0.036356
3.746	-0.0074132	-196.13	0.93211	0.036045	0.0073253	-0.034353
3.748	-0.009797	-197.1	0.67757	0.033878	0.0080736	-0.03235
3.75	-0.010703	-198.12	0.42303	0.031711	0.0088218	-0.030348
3.752	-0.010526	-199.19	0.22097	0.029388	0.0095153	-0.028426
3.754	-0.009927	-200.32	0.018903	0.027064	0.010209	-0.026504
3.756	-0.0097021	-201.51	-0.16488	0.024741	0.010902	-0.024581
3.758	-0.010617	-202.78	-0.33037	0.022418	0.011596	-0.022659
3.76	-0.013236	-204.13	-0.49586	0.020095	0.012289	-0.020737
3.762	-0.017786	-205.55	-0.63557	0.018274	0.01249	-0.019065
3.764	-0.024098	-207.05	-0.77527	0.016453	0.012691	-0.017392
3.766	-0.031625	-208.63	-0.90256	0.014633	0.012892	-0.015719
3.768	-0.039551	-210.29	-1.0174	0.012812	0.013093	-0.014047
3.77	-0.046961	-212.03	-1.1323	0.010991	0.013295	-0.012374
3.772	-0.053039	-213.84	-1.2137	0.0099973	0.012716	-0.011112
3.774	-0.057251	-215.73	-1.295	0.0090032	0.012137	-0.0098507
3.776	-0.059464	-217.68	-1.3529	0.008009	0.011558	-0.008589
3.778	-0.059987	-219.69	-1.3873	0.0070148	0.010979	-0.0073273
3.78	-0.059518	-221.74	-1.4217	0.0060206	0.0104	-0.0060656
3.782	-0.058996	-223.84	-1.3984	0.0057843	0.00911	-0.0054418
3.784	-0.059404	-225.97	-1.3751	0.005548	0.0078204	-0.004818
3.786	-0.061566	-228.12	-1.3224	0.0053117	0.0065307	-0.0041942
3.788	-0.065961	-230.27	-1.2404	0.0050754	0.0052411	-0.0035704
3.79	-0.07262	-232.42	-1.1583	0.0048391	0.0039514	-0.0029465
3.792	-0.081118	-234.55	-1.0293	0.0049518	0.0024385	-0.0029974
3.794	-0.09065	-236.65	-0.90027	0.0050645	0.00092554	-0.0030483
3.796	-0.1002	-238.7	-0.75935	0.0051773	-0.00058741	-0.0030992
3.798	-0.10873	-240.7	-0.60651	0.00529	-0.0021004	-0.0031501
3.8	-0.11542	-242.62	-0.45367	0.0054027	-0.0036133	-0.003201
3.802	-0.1198	-244.45	-0.3056	0.0054362	-0.0046567	-0.0036346
3.804	-0.12182	-246.18	-0.15753	0.0054697	-0.0057001	-0.0040682
3.806	-0.12191	-247.79	-0.025015	0.0055031	-0.0067435	-0.0045017
3.808	-0.12082	-249.27	0.091955	0.0055366	-0.0077869	-0.0049353
3.81	-0.11948	-250.61	0.20892	0.0055701	-0.0088303	-0.0053689
3.812	-0.11882	-251.78	0.27751	0.0054429	-0.0089523	-0.0057406
3.814	-0.11957	-252.8	0.34609	0.0053156	-0.0090743	-0.0061122
3.816	-0.12213	-253.63	0.38812	0.0051884	-0.0091963	-0.0064839
3.818	-0.1265	-254.28	0.40359	0.0050612	-0.0093183	-0.0068556
3.82	-0.1323	-254.73	0.41905	0.0049339	-0.0094403	-0.0072273
3.822	-0.13886	-254.97	0.38866	0.004891	-0.0087263	-0.0072157
3.824	-0.14536	-255	0.35826	0.0048481	-0.0080123	-0.007204
3.826	-0.15098	-254.82	0.31258	0.0048052	-0.0072982	-0.0071924
3.828	-0.15506	-254.4	0.25161	0.0047623	-0.0065842	-0.0071807
3.83	-0.15724	-253.77	0.19064	0.0047194	-0.0058702	-0.0071691
3.832	-0.15746	-252.9	0.11686	0.0049478	-0.0048063	-0.0067362
3.834	-0.15595	-251.8	0.043092	0.0051762	-0.0037425	-0.0063032
3.836	-0.15319	-250.47	-0.029534	0.0054046	-0.0026787	-0.0058703
3.838	-0.1498	-248.91	-0.10101	0.005633	-0.0016148	-0.0054374
3.84	-0.1464	-247.12	-0.17249	0.0058614	-0.00055098	-0.0050045
3.842	-0.14351	-245.1	-0.23263	0.0062784	0.00033517	-0.0043871
3.844	-0.14146	-242.86	-0.29276	0.0066953	0.0012213	-0.0037697
3.846	-0.14037	-240.41	-0.34625	0.0071123	0.0021075	-0.0031522
3.848	-0.14015	-237.74	-0.39309	0.0075292	0.0029936	-0.0025348
3.85	-0.14052	-234.86	-0.43992	0.0079462	0.0038798	-0.0019174
3.852	-0.1411	-231.79	-0.47772	0.008389	0.0042852	-0.0014353
3.854	-0.14144	-228.52	-0.51552	0.0088318	0.0046907	-0.00095332
3.856	-0.14114	-225.07	-0.55302	0.0092746	0.0050961	-0.0004713
3.858	-0.13988	-221.44	-0.5902	0.0097174	0.0055015	1.0722e-05
3.86	-0.13741	-217.64	-0.62739	0.01016	0.005907	0.00049274
3.862	-0.13366	-213.68	-0.67409	0.010535	0.0058762	0.00069555
3.864	-0.12865	-209.57	-0.7208	0.010909	0.0058453	0.00089835
3.866	-0.12252	-205.32	-0.77697	0.011283	0.0058145	0.0011012
3.868	-0.11551	-200.93	-0.84262	0.011658	0.0057837	0.001304
3.87	-0.10792	-196.42	-0.90827	0.012032	0.0057529	0.0015068
3.872	-0.10009	-191.8	-0.99944	0.012168	0.0056228	0.0015167
3.874	-0.092381	-187.07	-1.0906	0.012303	0.0054928	0.0015267
3.876	-0.085108	-182.24	-1.1955	0.012439	0.0053628	0.0015366
3.878	-0.078537	-177.32	-1.3142	0.012574	0.0052328	0.0015466
3.88	-0.072838	-172.32	-1.4328	0.01271	0.0051028	0.0015565
3.882	-0.068063	-167.24	-1.5752	0.012371	0.0051645	0.0014489
3.884	-0.064129	-162.11	-1.7176	0.012032	0.0052262	0.0013413
3.886	-0.060819	-156.91	-1.8672	0.011694	0.0052878	0.0012337
3.888	-0.057812	-151.67	-2.024	0.011355	0.0053495	0.0011261
3.89	-0.054722	-146.37	-2.1808	0.011016	0.0054112	0.0010185
3.892	-0.051158	-141.05	-2.3388	0.010292	0.0055475	0.00064736
3.894	-0.046785	-135.69	-2.4968	0.009567	0.0056839	0.00027619
3.896	-0.041386	-130.31	-2.6483	0.0088422	0.0058202	-9.4991e-05
3.898	-0.034906	-124.91	-2.7935	0.0081175	0.0059566	-0.00046617
3.9	-0.027469	-119.5	-2.9386	0.0073928	0.0060929	-0.00083734
3.902	-0.019369	-114.08	-3.0601	0.006857	0.0059176	-0.0016517
3.904	-0.011028	-108.66	-3.1815	0.0063212	0.0057423	-0.002466
3.906	-0.0029335	-103.25	-3.289	0.0057854	0.005567	-0.0032803
3.908	0.0044359	-97.848	-3.3826	0.0052496	0.0053916	-0.0040946
3.91	0.010684	-92.46	-3.4762	0.0047139	0.0052163	-0.0049089
3.912	0.015554	-87.095	-3.5464	0.0049343	0.0046363	-0.0059747
3.914	0.018965	-81.754	-3.6165	0.0051548	0.0040562	-0.0070404
3.916	0.021013	-76.446	-3.6807	0.0053753	0.0034762	-0.0081062
3.918	0.021952	-71.173	-3.7389	0.0055958	0.0028961	-0.0091719
3.92	0.022136	-65.943	-3.7971	0.0058162	0.0023161	-0.010238
3.922	0.021967	-60.758	-3.8585	0.0067348	0.0017421	-0.010978
3.924	0.021832	-55.627	-3.9199	0.0076534	0.0011681	-0.011718
3.926	0.022043	-50.55	-3.9894	0.0085719	0.00059409	-0.012459
3.928	0.022809	-45.537	-4.0669	0.0094905	2.0098e-05	-0.013199
3.93	0.024219	-40.589	-4.1445	0.010409	-0.00055389	-0.013939
3.932	0.026249	-35.714	-4.2442	0.011363	-0.00070798	-0.013929
3.934	0.028786	-30.913	-4.3439	0.012318	-0.00086208	-0.013919
3.936	0.031659	-26.196	-4.4529	0.013272	-0.0010162	-0.013908
3.938	0.034669	-21.561	-4.5711	0.014227	-0.0011703	-0.013898
3.94	0.037623	-17.018	-4.6894	0.015181	-0.0013244	-0.013887
3.942	0.040353	-12.566	-4.8141	0.015545	-0.0011782	-0.013304
3.944	0.042727	-8.2134	-4.9388	0.015909	-0.001032	-0.012721
3.946	0.04465	-3.9595	-5.0587	0.016272	-0.00088586	-0.012139
3.948	0.046068	0.18936	-5.1737	0.016636	-0.0007397	-0.011556
3.95	0.046965	4.2331	-5.2887	0.017	-0.00059353	-0.010973
3.952	0.047359	8.167	-5.3801	0.016715	-0.00060302	-0.010385
3.954	0.047305	11.991	-5.4716	0.016429	-0.00061251	-0.0097979
3.956	0.046893	15.702	-5.5481	0.016144	-0.000622	-0.0092103
3.958	0.04625	19.301	-5.6097	0.015859	-0.00063149	-0.0086228
3.96	0.045531	22.786	-5.6714	0.015573	-0.00064098	-0.0080352
3.962	0.044908	26.156	-5.7074	0.015	-0.00093558	-0.0077843
3.964	0.044549	29.414	-5.7435	0.014427	-0.0012302	-0.0075333
3.966	0.044596	32.558	-5.7733	0.013853	-0.0015248	-0.0072824
3.968	0.045138	35.592	-5.7969	0.01328	-0.0018194	-0.0070314
3.97	0.046195	38.516	-5.8205	0.012707	-0.002114	-0.0067805
3.972	0.047704	41.334	-5.8484	0.01205	-0.0023173	-0.0066796
3.974	0.049521	44.046	-5.8764	0.011393	-0.0025206	-0.0065788
3.976	0.051442	46.658	-5.9137	0.010737	-0.002724	-0.0064779
3.978	0.05323	49.171	-5.9602	0.01008	-0.0029273	-0.006377
3.98	0.054649	51.592	-6.0068	0.0094231	-0.0031307	-0.0062762
3.982	0.055504	53.922	-6.0776	0.0085213	-0.0029427	-0.0059089
3.984	0.055672	56.167	-6.1484	0.0076195	-0.0027548	-0.0055416
3.986	0.055117	58.33	-6.2287	0.0067176	-0.0025668	-0.0051744
3.988	0.053899	60.419	-6.3186	0.0058158	-0.0023789	-0.0048071
3.99	0.052154	62.433	-6.4086	0.004914	-0.0021909	-0.0044399
3.992	0.050069	64.383	-6.5034	0.0036788	-0.0018946	-0.0036832
3.994	0.047842	66.268	-6.5983	0.0024435	-0.0015984	-0.0029266
3.996	0.045651	68.099	-6.6867	0.0012083	-0.0013021	-0.00217
3.998	0.043624	69.873	-6.7685	-2.6913e-05	-0.0010058	-0.0014134
4	0.041816	71.601	-6.8504	-0.0012621	-0.00070953	-0.00065673
4.002	0.040209	73.281	-6.9042	-0.0024363	-0.00081078	0.0001296
4.004	0.038725	74.922	-6.9579	-0.0036104	-0.00091203	0.00091593
4.006	0.037247	76.523	-6.9943	-0.0047845	-0.0010133	0.0017023
4.008	0.035656	78.09	-7.0133	-0.0059586	-0.0011145	0.0024886
4.01	0.033851	79.623	-7.0324	-0.0071327	-0.0012158	0.0032749
4.012	0.03178	81.125	-7.0211	-0.0076457	-0.0016752	0.0035741
4.014	0.029454	82.598	-7.0099	-0.0081587	-0.0021347	0.0038734
4.016	0.026941	84.042	-6.9907	-0.0086717	-0.0025941	0.0041726
4.018	0.024366	85.458	-6.9635	-0.0091847	-0.0030536	0.0044718
4.02	0.021879	86.846	-6.9364	-0.0096976	-0.003513	0.0047711
4.022	0.019636	88.205	-6.9132	-0.0093698	-0.0036916	0.0044187
4.024	0.017772	89.534	-6.89	-0.009042	-0.0038701	0.0040664
4.026	0.01638	90.833	-6.8787	-0.0087141	-0.0040487	0.003714
4.028	0.01549	92.097	-6.8793	-0.0083863	-0.0042272	0.0033617
4.03	0.015072	93.327	-6.8799	-0.0080585	-0.0044057	0.0030093
4.032	0.015036	94.517	-6.9191	-0.0073292	-0.0038607	0.0023997
4.034	0.01524	95.668	-6.9584	-0.0065999	-0.0033156	0.0017901
4.036	0.015515	96.772	-7.0204	-0.0058706	-0.0027705	0.0011804
4.038	0.01568	97.83	-7.1052	-0.0051413	-0.0022254	0.00057077
4.04	0.01557	98.834	-7.19	-0.004412	-0.0016804	-3.8872e-05
4.042	0.015054	99.785	-7.319	-0.0039345	-0.00073927	-0.00027227
4.044	0.014054	100.67	-7.4481	-0.0034569	0.00020181	-0.00050567
4.046	0.01256	101.5	-7.5954	-0.0029794	0.0011429	-0.00073907
4.048	0.01063	102.26	-7.7609	-0.0025018	0.002084	-0.00097246
4.05	0.0083887	102.96	-7.9265	-0.0020243	0.0030251	-0.0012059
4.052	0.0060185	103.57	-8.1169	-0.0020849	0.0036552	-0.00081079
4.054	0.0037298	104.11	-8.3073	-0.0021455	0.0042854	-0.00041573
4.056	0.0017346	104.58	-8.5038	-0.0022062	0.0049156	-2.0662e-05
4.058	0.0002145	104.96	-8.7063	-0.0022668	0.0055458	0.0003744
4.06	-0.00071096	105.26	-8.9088	-0.0023274	0.0061759	0.00076947
4.062	-0.0010112	105.47	-9.1111	-0.0026067	0.0061766	0.0013249
4.064	-0.00075942	105.6	-9.3134	-0.002886	0.0061774	0.0018804
4.066	-0.00012659	105.65	-9.5101	-0.0031654	0.0061781	0.0024358
4.068	0.00064069	105.61	-9.7014	-0.0034447	0.0061788	0.0029913
4.07	0.0012548	105.48	-9.8926	-0.003724	0.0061795	0.0035467
4.072	0.0014363	105.28	-10.064	-0.0036635	0.0057625	0.0034747
4.074	0.00096908	104.99	-10.235	-0.003603	0.0053455	0.0034027
4.076	-0.00025466	104.63	-10.394	-0.0035426	0.0049285	0.0033307
4.078	-0.0022044	104.19	-10.539	-0.0034821	0.0045115	0.0032587
4.08	-0.0047043	103.68	-10.684	-0.0034216	0.0040945	0.0031867
4.082	-0.0074535	103.1	-10.801	-0.0028532	0.0035159	0.0022084
4.084	-0.010073	102.46	-10.918	-0.0022847	0.0029374	0.00123
4.086	-0.012167	101.76	-11.02	-0.0017163	0.0023589	0.00025169
4.088	-0.013399	101.01	-11.11	-0.0011478	0.0017804	-0.00072665
4.09	-0.013555	100.21	-11.199	-0.00057936	0.0012019	-0.001705
4.092	-0.012594	99.379	-11.267	0.00014172	0.00050338	-0.0030443
4.094	-0.010656	98.504	-11.335	0.00086279	-0.00019511	-0.0043835
4.096	-0.0080486	97.603	-11.396	0.0015839	-0.00089359	-0.0057228
4.098	-0.005195	96.676	-11.452	0.0023049	-0.0015921	-0.007062
4.1	-0.0025599	95.735	-11.508	0.003026	-0.0022906	-0.0084013
4.102	-0.00056005	94.78	-11.562	0.0035165	-0.0029943	-0.0093286
4.104	0.00051194	93.822	-11.617	0.004007	-0.0036981	-0.010256
4.106	0.00053932	92.861	-11.675	0.0044975	-0.0044019	-0.011183
4.108	-0.0003979	91.908	-11.738	0.0049879	-0.0051057	-0.01211
4.11	-0.002041	90.963	-11.801	0.0054784	-0.0058095	-0.013038
4.112	-0.0040097	90.034	-11.877	0.0056915	-0.0061187	-0.013291
4.114	-0.0058817	89.121	-11.954	0.0059045	-0.0064279	-0.013544
4.116	-0.0072806	88.231	-12.039	0.0061176	-0.0067371	-0.013798
4.118	-0.0079515	87.365	-12.13	0.0063306	-0.0070463	-0.014051
4.12	-0.0078099	86.528	-12.222	0.0065436	-0.0073555	-0.014304
4.122	-0.0069501	85.718	-12.323	0.0065568	-0.0069046	-0.014153
4.124	-0.0056127	84.94	-12.425	0.0065699	-0.0064536	-0.014003
4.126	-0.0041199	84.192	-12.527	0.006583	-0.0060027	-0.013852
4.128	-0.0027918	83.476	-12.631	0.0065961	-0.0055518	-0.013701
4.13	-0.0018624	82.79	-12.735	0.0066092	-0.0051008	-0.01355
4.132	-0.001414	82.135	-12.831	0.0063766	-0.004009	-0.013308
4.134	-0.0013516	81.508	-12.928	0.0061441	-0.0029172	-0.013066
4.136	-0.0014204	80.908	-13.018	0.0059115	-0.0018254	-0.012824
4.138	-0.0012643	80.333	-13.1	0.0056789	-0.00073362	-0.012581
4.14	-0.0005139	79.779	-13.183	0.0054463	0.00035818	-0.012339
4.142	0.0011179	79.246	-13.247	0.0049861	0.001501	-0.012067
4.144	0.0037539	78.726	-13.312	0.0045259	0.0026439	-0.011794
4.146	0.0073023	78.221	-13.366	0.0040657	0.0037867	-0.011522
4.148	0.011456	77.723	-13.412	0.0036054	0.0049296	-0.011249
4.15	0.015746	77.232	-13.457	0.0031452	0.0060724	-0.010976
4.152	0.019639	76.741	-13.485	0.0027184	0.0066905	-0.010541
4.154	0.022651	76.249	-13.513	0.0022916	0.0073087	-0.010106
4.156	0.024465	75.751	-13.534	0.0018647	0.0079268	-0.0096713
4.158	0.025019	75.245	-13.547	0.0014379	0.0085449	-0.0092362
4.16	0.024545	74.726	-13.56	0.0010111	0.0091631	-0.0088012
4.162	0.023542	74.194	-13.559	0.00085217	0.0091174	-0.0080848
4.164	0.022686	73.644	-13.559	0.00069325	0.0090718	-0.0073684
4.166	0.022705	73.076	-13.553	0.00053433	0.0090262	-0.006652
4.168	0.024224	72.487	-13.54	0.00037541	0.0089806	-0.0059356
4.17	0.027625	71.877	-13.527	0.00021649	0.008935	-0.0052192
4.172	0.032952	71.244	-13.5	0.00026851	0.0084523	-0.0043209
4.174	0.039875	70.588	-13.474	0.00032054	0.0079696	-0.0034227
4.176	0.047733	69.911	-13.44	0.00037257	0.0074869	-0.0025244
4.178	0.055645	69.212	-13.399	0.00042459	0.0070042	-0.0016262
4.18	0.062665	68.493	-13.358	0.00047662	0.0065215	-0.00072788
4.182	0.067959	67.756	-13.302	0.00059674	0.00582	2.5788e-05
4.184	0.070968	67.004	-13.246	0.00071686	0.0051186	0.00077946
4.186	0.071511	66.237	-13.182	0.00083698	0.0044171	0.0015331
4.188	0.069826	65.462	-13.111	0.00095709	0.0037156	0.0022868
4.19	0.066527	64.679	-13.04	0.0010772	0.0030141	0.0030405
4.192	0.062491	63.896	-12.956	0.0012864	0.0021665	0.0033653
4.194	0.058696	63.112	-12.871	0.0014956	0.0013188	0.0036901
4.196	0.056043	62.337	-12.782	0.0017047	0.00047122	0.004015
4.198	0.055199	61.57	-12.687	0.0019139	-0.0003764	0.0043398
4.2	0.056481	60.82	-12.591	0.0021231	-0.001224	0.0046646
4.202	0.059824	60.088	-12.488	0.0024377	-0.002085	0.0045554
4.204	0.064808	59.383	-12.385	0.0027522	-0.002946	0.0044462
4.206	0.070754	58.704	-12.279	0.0030668	-0.003807	0.0043369
4.208	0.076868	58.061	-12.172	0.0033814	-0.004668	0.0042277
4.21	0.08239	57.453	-12.064	0.003696	-0.005529	0.0041185
4.212	0.08673	56.888	-11.956	0.0039174	-0.0060759	0.0038092
4.214	0.089548	56.367	-11.848	0.0041389	-0.0066228	0.0035
4.216	0.090798	55.895	-11.743	0.0043604	-0.0071697	0.0031908
4.218	0.090693	55.472	-11.641	0.0045818	-0.0077166	0.0028816
4.22	0.089642	55.103	-11.538	0.0048033	-0.0082635	0.0025723
4.222	0.088141	54.787	-11.448	0.0047145	-0.0081446	0.0023849
4.224	0.086675	54.527	-11.358	0.0046257	-0.0080257	0.0021975
4.226	0.085637	54.323	-11.276	0.004537	-0.0079068	0.00201
4.228	0.085275	54.174	-11.204	0.0044482	-0.0077879	0.0018226
4.23	0.085688	54.081	-11.132	0.0043594	-0.007669	0.0016352
4.232	0.086845	54.041	-11.084	0.0040152	-0.0067899	0.0018442
4.234	0.088637	54.054	-11.035	0.0036711	-0.0059109	0.0020533
4.236	0.090929	54.116	-10.998	0.0033269	-0.0050318	0.0022623
4.238	0.093601	54.225	-10.974	0.0029827	-0.0041528	0.0024714
4.24	0.096567	54.375	-10.95	0.0026386	-0.0032737	0.0026805
4.242	0.099772	54.565	-10.947	0.0022585	-0.0019593	0.0033161
4.244	0.10317	54.788	-10.943	0.0018784	-0.00064482	0.0039518
4.246	0.10668	55.043	-10.946	0.0014983	0.00066963	0.0045875
4.248	0.11016	55.318	-10.955	0.0011182	0.0019841	0.0052231
4.25	0.11344	55.615	-10.965	0.00073808	0.0032985	0.0058588
4.252	0.11625	55.922	-10.974	0.0003621	0.0043846	0.0065895
4.254	0.11835	56.238	-10.982	-1.3877e-05	0.0054707	0.0073202
4.256	0.11956	56.552	-10.984	-0.00038985	0.0065568	0.0080508
4.258	0.11979	56.863	-10.979	-0.00076583	0.0076429	0.0087815
4.26	0.11916	57.16	-10.974	-0.0011418	0.008729	0.0095122
4.262	0.11792	57.441	-10.942	-0.001693	0.0089572	0.00989
4.264	0.11652	57.696	-10.911	-0.0022441	0.0091853	0.010268
4.266	0.11547	57.924	-10.862	-0.0027953	0.0094134	0.010646
4.268	0.11527	58.115	-10.796	-0.0033464	0.0096416	0.011024
4.27	0.11635	58.269	-10.73	-0.0038976	0.0098697	0.011401
4.272	0.11889	58.376	-10.629	-0.0046856	0.0090925	0.011296
4.274	0.12285	58.436	-10.527	-0.0054737	0.0083153	0.01119
4.276	0.1279	58.441	-10.41	-0.0062618	0.007538	0.011084
4.278	0.13351	58.393	-10.277	-0.0070499	0.0067608	0.010979
4.28	0.13901	58.284	-10.145	-0.0078379	0.0059836	0.010873
4.282	0.14374	58.116	-9.991	-0.0085721	0.0046456	0.010548
4.284	0.14715	57.884	-9.8372	-0.0093062	0.0033077	0.010223
4.286	0.14892	57.589	-9.6789	-0.01004	0.0019697	0.0098977
4.288	0.14901	57.231	-9.5163	-0.010774	0.00063177	0.0095727
4.29	0.14765	56.808	-9.3536	-0.011509	-0.00070618	0.0092476
4.292	0.14532	56.322	-9.1947	-0.011718	-0.0019045	0.0089614
4.294	0.14257	55.773	-9.0357	-0.011928	-0.0031028	0.0086752
4.296	0.13995	55.165	-8.884	-0.012138	-0.004301	0.008389
4.298	0.1379	54.498	-8.7394	-0.012348	-0.0054993	0.0081028
4.3	0.13661	53.776	-8.5948	-0.012557	-0.0066976	0.0078166
4.302	0.13603	53	-8.4716	-0.01198	-0.0072632	0.0074898
4.304	0.13589	52.176	-8.3484	-0.011404	-0.0078288	0.007163
4.306	0.13576	51.305	-8.2376	-0.010827	-0.0083944	0.0068362
4.308	0.13515	50.394	-8.1389	-0.01025	-0.00896	0.0065094
4.31	0.13368	49.443	-8.0403	-0.0096733	-0.0095256	0.0061826
4.312	0.1311	48.461	-7.9655	-0.0085421	-0.0094025	0.0056182
4.314	0.12743	47.448	-7.8907	-0.007411	-0.0092794	0.0050539
4.316	0.12289	46.412	-7.8258	-0.0062798	-0.0091563	0.0044896
4.318	0.11789	45.353	-7.771	-0.0051486	-0.0090332	0.0039252
4.32	0.11289	44.28	-7.7162	-0.0040174	-0.0089101	0.0033609
4.322	0.10835	43.193	-7.6754	-0.0030184	-0.0083624	0.0027075
4.324	0.10456	42.099	-7.6347	-0.0020194	-0.0078147	0.0020542
4.326	0.10161	40.999	-7.5977	-0.0010204	-0.007267	0.0014008
4.328	0.099355	39.9	-7.5644	-2.139e-05	-0.0067192	0.00074749
4.33	0.097458	38.8	-7.5312	0.00097762	-0.0061715	9.4146e-05
4.332	0.095459	37.707	-7.4991	0.0011599	-0.0055013	-0.00016533
4.334	0.092895	36.619	-7.467	0.0013422	-0.004831	-0.00042481
4.336	0.089404	35.54	-7.4332	0.0015245	-0.0041607	-0.00068429
4.338	0.084814	34.471	-7.3975	0.0017068	-0.0034905	-0.00094377
4.34	0.079177	33.414	-7.3619	0.0018891	-0.0028202	-0.0012032
4.342	0.072753	32.369	-7.3198	0.0011261	-0.0022235	-0.00082743
4.344	0.065934	31.336	-7.2777	0.00036299	-0.0016267	-0.00045162
4.346	0.059136	30.314	-7.2319	-0.00040007	-0.00103	-7.5805e-05
4.348	0.052673	29.304	-7.1825	-0.0011631	-0.00043328	0.00030001
4.35	0.046652	28.305	-7.1331	-0.0019262	0.00016345	0.00067582
4.352	0.040906	27.313	-7.0769	-0.0031343	0.00054149	0.0012748
4.354	0.034988	26.33	-7.0208	-0.0043424	0.00091953	0.0018738
4.356	0.028226	25.351	-6.9619	-0.0055504	0.0012976	0.0024728
4.358	0.019845	24.375	-6.9004	-0.0067585	0.0016756	0.0030717
4.36	0.0091057	23.398	-6.8388	-0.0079666	0.0020536	0.0036707
4.362	-0.0045326	22.419	-6.7735	-0.0089464	0.0020959	0.0037697
4.364	-0.021284	21.433	-6.7081	-0.0099262	0.0021382	0.0038687
4.366	-0.040952	20.44	-6.6418	-0.010906	0.0021804	0.0039678
4.368	-0.062908	19.433	-6.5746	-0.011886	0.0022227	0.0040668
4.37	-0.086145	18.411	-6.5074	-0.012866	0.0022649	0.0041658
4.372	-0.10938	17.37	-6.4414	-0.013137	0.0019873	0.0034957
4.374	-0.1312	16.308	-6.3754	-0.013409	0.0017097	0.0028256
4.376	-0.15025	15.219	-6.3127	-0.013681	0.0014321	0.0021556
4.378	-0.16532	14.104	-6.2533	-0.013953	0.0011544	0.0014855
4.38	-0.17554	12.957	-6.1938	-0.014225	0.00087682	0.0008154
4.382	-0.18039	11.777	-6.149	-0.013471	0.00046673	-9.8127e-05
4.384	-0.17975	10.561	-6.1042	-0.012717	5.6648e-05	-0.0010117
4.386	-0.17384	9.308	-6.0718	-0.011963	-0.00035344	-0.0019252
4.388	-0.1632	8.0145	-6.0518	-0.011209	-0.00076353	-0.0028387
4.39	-0.14858	6.6807	-6.0318	-0.010455	-0.0011736	-0.0037522
4.392	-0.13087	5.3042	-6.0465	-0.0086477	-0.0014775	-0.0040084
4.394	-0.11106	3.8851	-6.0612	-0.0068406	-0.0017813	-0.0042645
4.396	-0.090114	2.4226	-6.0962	-0.0050335	-0.0020852	-0.0045206
4.398	-0.068999	0.91656	-6.1514	-0.0032263	-0.002389	-0.0047768
4.4	-0.048611	-0.63236	-6.2066	-0.0014192	-0.0026929	-0.0050329
4.402	-0.029757	-2.2242	-6.3002	0.00058029	-0.0027139	-0.0040891
4.404	-0.013121	-3.857	-6.3938	0.0025798	-0.0027349	-0.0031452
4.406	0.0007742	-5.5307	-6.5002	0.0045793	-0.002756	-0.0022014
4.408	0.011606	-7.2421	-6.6196	0.0065787	-0.002777	-0.0012576
4.41	0.019284	-8.9912	-6.739	0.0085782	-0.002798	-0.00031373
4.412	0.023965	-10.774	-6.8618	0.0090777	-0.0024776	0.0015371
4.414	0.026051	-12.59	-6.9846	0.0095771	-0.0021571	0.003388
4.416	0.026148	-14.434	-7.0952	0.010077	-0.0018367	0.0052389
4.418	0.024997	-16.306	-7.1937	0.010576	-0.0015162	0.0070897
4.42	0.02338	-18.2	-7.2921	0.011075	-0.0011958	0.0089406
4.422	0.022013	-20.117	-7.3402	0.009202	-0.00070455	0.010647
4.424	0.021453	-22.049	-7.3883	0.0073285	-0.00021332	0.012354
4.426	0.022015	-23.997	-7.4031	0.005455	0.00027791	0.014061
4.428	0.023743	-25.955	-7.3847	0.0035816	0.00076914	0.015768
4.43	0.026411	-27.922	-7.3663	0.0017081	0.0012604	0.017474
4.432	0.029589	-29.893	-7.2813	-0.0010875	0.0015229	0.017964
4.434	0.032738	-31.866	-7.1962	-0.0038832	0.0017855	0.018453
4.436	0.035318	-33.837	-7.0867	-0.0066788	0.0020481	0.018943
4.438	0.036901	-35.806	-6.9526	-0.0094744	0.0023106	0.019432
4.44	0.037262	-37.766	-6.8185	-0.01227	0.0025732	0.019922
4.442	0.036417	-39.718	-6.6665	-0.013419	0.0023459	0.019065
4.444	0.034614	-41.659	-6.5144	-0.014568	0.0021186	0.018209
4.446	0.032281	-43.586	-6.3715	-0.015717	0.0018914	0.017352
4.448	0.029926	-45.498	-6.2377	-0.016865	0.0016641	0.016496
4.45	0.028024	-47.394	-6.104	-0.018014	0.0014368	0.015639
4.452	0.026912	-49.272	-6.0187	-0.01671	0.00095831	0.014401
4.454	0.026709	-51.131	-5.9335	-0.015406	0.00047982	0.013164
4.456	0.027287	-52.971	-5.8803	-0.014101	1.3205e-06	0.011926
4.458	0.028296	-54.792	-5.859	-0.012797	-0.00047718	0.010688
4.46	0.029238	-56.592	-5.8377	-0.011492	-0.00095567	0.0094508
4.462	0.029571	-58.374	-5.8764	-0.0094925	-0.0011896	0.0088284
4.464	0.028834	-60.136	-5.9151	-0.0074926	-0.0014235	0.0082061
4.466	0.026754	-61.88	-5.9732	-0.0054926	-0.0016574	0.0075837
4.468	0.023315	-63.607	-6.0506	-0.0034927	-0.0018913	0.0069614
4.47	0.01877	-65.318	-6.128	-0.0014927	-0.0021252	0.006339
4.472	0.013599	-67.014	-6.2129	-0.0008979	-0.001949	0.0062809
4.474	0.0084182	-68.697	-6.2978	-0.00030307	-0.0017727	0.0062228
4.476	0.003849	-70.37	-6.3712	0.00029177	-0.0015965	0.0061646
4.478	0.00038661	-72.032	-6.4329	0.0008866	-0.0014203	0.0061065
4.48	-0.0017098	-73.689	-6.4947	0.0014814	-0.0012441	0.0060483
4.482	-0.0024814	-75.34	-6.5125	0.00042523	-0.000943	0.0056939
4.484	-0.0022721	-76.989	-6.5303	-0.00063096	-0.00064194	0.0053395
4.486	-0.001669	-78.637	-6.5231	-0.0016872	-0.00034089	0.0049851
4.488	-0.0013858	-80.288	-6.4909	-0.0027433	-3.9836e-05	0.0046307
4.49	-0.0021174	-81.943	-6.4588	-0.0037995	0.00026122	0.0042762
4.492	-0.0043953	-83.606	-6.3853	-0.0051317	0.00039071	0.0030763
4.494	-0.0084696	-85.277	-6.3117	-0.0064638	0.0005202	0.0018764
4.496	-0.014245	-86.962	-6.2264	-0.007796	0.00064969	0.00067648
4.498	-0.02129	-88.658	-6.1292	-0.0091281	0.00077918	-0.00052344
4.5	-0.028908	-90.372	-6.0319	-0.01046	0.00090867	-0.0017234
4.502	-0.036272	-92.103	-5.9305	-0.010742	0.00086637	-0.0034905
4.504	-0.042585	-93.854	-5.829	-0.011023	0.00082408	-0.0052577
4.506	-0.047238	-95.625	-5.7329	-0.011305	0.00078178	-0.0070249
4.508	-0.049936	-97.42	-5.6422	-0.011586	0.00073949	-0.0087921
4.51	-0.050761	-99.238	-5.5514	-0.011868	0.0006972	-0.010559
4.512	-0.050161	-101.08	-5.4794	-0.010817	0.00060393	-0.012235
4.514	-0.04887	-102.95	-5.4073	-0.0097671	0.00051066	-0.013911
4.516	-0.047767	-104.84	-5.3458	-0.0087168	0.00041739	-0.015587
4.518	-0.047701	-106.76	-5.295	-0.0076665	0.00032413	-0.017263
4.52	-0.049333	-108.7	-5.2441	-0.0066162	0.00023086	-0.018939
4.522	-0.053004	-110.67	-5.2157	-0.0048036	0.00010781	-0.019955
4.524	-0.058672	-112.66	-5.1872	-0.0029909	-1.524e-05	-0.020971
4.526	-0.065924	-114.68	-5.1721	-0.0011783	-0.00013829	-0.021987
4.528	-0.074059	-116.71	-5.1703	0.0006344	-0.00026134	-0.023003
4.53	-0.082233	-118.77	-5.1685	0.0024471	-0.00038439	-0.024019
4.532	-0.089624	-120.83	-5.2015	0.0042172	-0.00049157	-0.023902
4.534	-0.09559	-122.92	-5.2345	0.0059874	-0.00059876	-0.023786
4.536	-0.099794	-125.01	-5.2896	0.0077575	-0.00070594	-0.023669
4.538	-0.10226	-127.12	-5.3668	0.0095277	-0.00081312	-0.023552
4.54	-0.10333	-129.22	-5.444	0.011298	-0.0009203	-0.023436
4.542	-0.10364	-131.33	-5.5696	0.012427	-0.00078501	-0.02192
4.544	-0.10389	-133.42	-5.6952	0.013556	-0.00064972	-0.020404
4.546	-0.10477	-135.52	-5.8412	0.014686	-0.00051443	-0.018888
4.548	-0.10678	-137.59	-6.0075	0.015815	-0.00037914	-0.017371
4.55	-0.1101	-139.65	-6.1738	0.016944	-0.00024384	-0.015855
4.552	-0.11464	-141.67	-6.3574	0.017231	0.00029539	-0.013362
4.554	-0.11999	-143.67	-6.541	0.017518	0.00083462	-0.010868
4.556	-0.12555	-145.63	-6.7147	0.017805	0.0013739	-0.0083747
4.558	-0.13072	-147.55	-6.8783	0.018093	0.0019131	-0.0058812
4.56	-0.13497	-149.42	-7.0419	0.01838	0.0024523	-0.0033877
4.562	-0.13801	-151.23	-7.1421	0.017982	0.0030963	-0.001123
4.564	-0.13986	-152.97	-7.2423	0.017584	0.0037402	0.0011416
4.566	-0.14083	-154.65	-7.292	0.017186	0.0043842	0.0034063
4.568	-0.1415	-156.25	-7.2911	0.016789	0.0050281	0.0056709
4.57	-0.14254	-157.76	-7.2903	0.016391	0.005672	0.0079356
4.572	-0.14459	-159.18	-7.1683	0.015588	0.0057747	0.0088448
4.574	-0.14809	-160.51	-7.0463	0.014786	0.0058773	0.009754
4.576	-0.15318	-161.72	-6.8663	0.013983	0.0059799	0.010663
4.578	-0.15964	-162.83	-6.6283	0.013181	0.0060825	0.011572
4.58	-0.16693	-163.82	-6.3903	0.012378	0.0061852	0.012482
4.582	-0.17425	-164.68	-6.0666	0.011377	0.0054487	0.012014
4.584	-0.18072	-165.41	-5.7429	0.010375	0.0047123	0.011546
4.586	-0.18554	-166.01	-5.4002	0.009374	0.0039759	0.011078
4.588	-0.18819	-166.46	-5.0386	0.0083725	0.0032395	0.01061
4.59	-0.18847	-166.76	-4.677	0.007371	0.0025031	0.010142
4.592	-0.18661	-166.91	-4.3299	0.0063867	0.0014465	0.0093161
4.594	-0.18321	-166.91	-3.9828	0.0054024	0.00038987	0.0084905
4.596	-0.1791	-166.74	-3.6644	0.0044181	-0.00066673	0.0076649
4.598	-0.17525	-166.4	-3.3745	0.0034338	-0.0017233	0.0068393
4.6	-0.17248	-165.9	-3.0846	0.0024495	-0.0027799	0.0060138
4.602	-0.1714	-165.22	-2.8747	0.0018306	-0.0032872	0.0057755
4.604	-0.17221	-164.37	-2.6648	0.0012118	-0.0037945	0.0055372
4.606	-0.17473	-163.34	-2.4944	0.00059299	-0.0043017	0.005299
4.608	-0.17839	-162.13	-2.3635	-2.5828e-05	-0.004809	0.0050607
4.61	-0.18237	-160.75	-2.2327	-0.00064465	-0.0053162	0.0048225
4.612	-0.18577	-159.19	-2.1604	-0.00067571	-0.0049789	0.0051921
4.614	-0.18777	-157.44	-2.0882	-0.00070678	-0.0046416	0.0055616
4.616	-0.18779	-155.52	-2.0301	-0.00073784	-0.0043042	0.0059312
4.618	-0.18561	-153.43	-1.9861	-0.00076891	-0.0039669	0.0063008
4.62	-0.18135	-151.16	-1.9422	-0.00079997	-0.0036296	0.0066703
4.622	-0.17548	-148.71	-1.8975	-0.00048542	-0.0029435	0.0070114
4.624	-0.16867	-146.1	-1.8528	-0.00017086	-0.0022574	0.0073525
4.626	-0.16166	-143.32	-1.7984	0.0001437	-0.0015713	0.0076936
4.628	-0.15507	-140.38	-1.7343	0.00045825	-0.00088515	0.0080347
4.63	-0.14932	-137.28	-1.6703	0.00077281	-0.00019905	0.0083758
4.632	-0.14453	-134.03	-1.5827	0.00093359	0.00026624	0.0081962
4.634	-0.14052	-130.63	-1.495	0.0010944	0.00073153	0.0080165
4.636	-0.13687	-127.08	-1.3997	0.0012552	0.0011968	0.0078368
4.638	-0.13307	-123.4	-1.2968	0.0014159	0.0016621	0.0076572
4.64	-0.1286	-119.59	-1.1939	0.0015767	0.0021274	0.0074775
4.642	-0.1231	-115.65	-1.0907	0.0013323	0.0023233	0.0067694
4.644	-0.11645	-111.59	-0.98758	0.0010879	0.0025192	0.0060614
4.646	-0.10878	-107.42	-0.89167	0.00084353	0.0027152	0.0053533
4.648	-0.10048	-103.15	-0.80299	0.00059913	0.0029111	0.0046452
4.65	-0.092078	-98.779	-0.71432	0.00035473	0.003107	0.0039372
4.652	-0.084127	-94.32	-0.64909	-0.00020518	0.0032472	0.0029373
4.654	-0.077076	-89.774	-0.58386	-0.00076509	0.0033874	0.0019374
4.656	-0.071161	-85.156	-0.531	-0.001325	0.0035277	0.00093757
4.658	-0.066348	-80.466	-0.49052	-0.0018849	0.0036679	-6.2294e-05
4.66	-0.062338	-75.718	-0.45003	-0.0024448	0.0038081	-0.0010622
4.662	-0.058633	-70.913	-0.42954	-0.0031182	0.003878	-0.0021343
4.664	-0.05464	-66.066	-0.40905	-0.0037916	0.0039478	-0.0032064
4.666	-0.049812	-61.175	-0.39505	-0.004465	0.0040177	-0.0042786
4.668	-0.043768	-56.255	-0.38755	-0.0051384	0.0040875	-0.0053507
4.67	-0.036385	-51.307	-0.38004	-0.0058118	0.0041573	-0.0064228
4.672	-0.027826	-46.344	-0.38015	-0.0063091	0.0039884	-0.0073605
4.674	-0.018518	-41.366	-0.38025	-0.0068065	0.0038194	-0.0082981
4.676	-0.0090628	-36.386	-0.38337	-0.0073038	0.0036504	-0.0092357
4.678	-0.00011922	-31.404	-0.38948	-0.0078011	0.0034815	-0.010173
4.68	0.0077319	-26.433	-0.3956	-0.0082985	0.0033125	-0.011111
4.682	0.014099	-21.472	-0.40966	-0.0082036	0.0029358	-0.011674
4.684	0.018855	-16.534	-0.42371	-0.0081088	0.0025592	-0.012237
4.686	0.022151	-11.618	-0.44333	-0.0080139	0.0021825	-0.0128
4.688	0.024376	-6.7357	-0.46852	-0.0079191	0.0018058	-0.013363
4.69	0.026071	-1.8865	-0.49371	-0.0078242	0.0014292	-0.013926
4.692	0.027811	2.919	-0.53169	-0.0069394	0.0010606	-0.013948
4.694	0.030093	7.6808	-0.56967	-0.0060546	0.00069202	-0.01397
4.696	0.03324	12.389	-0.61315	-0.0051698	0.00032344	-0.013992
4.698	0.037351	17.045	-0.66213	-0.004285	-4.5134e-05	-0.014013
4.7	0.042298	21.638	-0.71111	-0.0034001	-0.00041371	-0.014035
4.702	0.047773	26.169	-0.76575	-0.002188	-0.00063282	-0.013538
4.704	0.053362	30.63	-0.82039	-0.0009758	-0.00085194	-0.013041
4.706	0.058641	35.02	-0.87428	0.00023637	-0.001071	-0.012544
4.708	0.063265	39.333	-0.92741	0.0014485	-0.0012902	-0.012047
4.71	0.067028	43.568	-0.98053	0.0026607	-0.0015093	-0.01155
4.712	0.069889	47.718	-1.0257	0.003316	-0.0015571	-0.010708
4.714	0.071966	51.784	-1.071	0.0039713	-0.0016049	-0.0098671
4.716	0.073491	55.759	-1.1105	0.0046267	-0.0016528	-0.0090258
4.718	0.07475	59.644	-1.1444	0.005282	-0.0017006	-0.0081846
4.72	0.076019	63.432	-1.1783	0.0059373	-0.0017484	-0.0073434
4.722	0.077514	67.124	-1.2013	0.0056406	-0.0016222	-0.0063864
4.724	0.079353	70.716	-1.2242	0.0053439	-0.001496	-0.0054294
4.726	0.081552	74.207	-1.2434	0.0050471	-0.0013698	-0.0044724
4.728	0.084042	77.594	-1.2588	0.0047504	-0.0012436	-0.0035155
4.73	0.086702	80.876	-1.2742	0.0044537	-0.0011175	-0.0025585
4.732	0.089387	84.051	-1.2862	0.0037823	-0.00087473	-0.0017037
4.734	0.091962	87.119	-1.2982	0.0031109	-0.00063202	-0.00084893
4.736	0.09432	90.078	-1.3101	0.0024395	-0.0003893	5.8478e-06
4.738	0.096386	92.928	-1.3217	0.0017681	-0.00014659	0.00086062
4.74	0.098111	95.668	-1.3334	0.0010967	9.6131e-05	0.0017154
4.742	0.099455	98.298	-1.3451	0.0009107	0.00026576	0.0023398
4.744	0.10038	100.82	-1.3567	0.00072473	0.0004354	0.0029642
4.746	0.10085	103.23	-1.3674	0.00053876	0.00060503	0.0035886
4.748	0.10083	105.53	-1.3771	0.00035279	0.00077467	0.004213
4.75	0.10029	107.72	-1.3869	0.00016682	0.0009443	0.0048374
4.752	0.09926	109.81	-1.3917	0.00056473	0.00087056	0.0052798
4.754	0.097809	111.79	-1.3965	0.00096264	0.00079682	0.0057221
4.756	0.096062	113.67	-1.3978	0.0013606	0.00072308	0.0061645
4.758	0.094186	115.45	-1.3956	0.0017585	0.00064934	0.0066068
4.76	0.092372	117.13	-1.3934	0.0021564	0.0005756	0.0070492
4.762	0.09079	118.7	-1.3841	0.002432	0.0003436	0.0074927
4.764	0.089562	120.19	-1.3748	0.0027077	0.00011161	0.0079362
4.766	0.088729	121.59	-1.3629	0.0029833	-0.00012039	0.0083797
4.768	0.088243	122.89	-1.3484	0.003259	-0.00035238	0.0088232
4.77	0.087976	124.11	-1.3339	0.0035346	-0.00058438	0.0092667
4.772	0.087757	125.26	-1.3167	0.0031422	-0.00068698	0.0098387
4.774	0.087417	126.32	-1.2995	0.0027497	-0.00078959	0.010411
4.776	0.086835	127.3	-1.2815	0.0023573	-0.0008922	0.010983
4.778	0.085982	128.22	-1.2628	0.0019648	-0.00099481	0.011554
4.78	0.084935	129.07	-1.2441	0.0015724	-0.0010974	0.012126
4.782	0.083868	129.85	-1.2219	0.00079737	-0.00092998	0.012728
4.784	0.083011	130.58	-1.1997	2.2375e-05	-0.00076255	0.013329
4.786	0.082594	131.24	-1.1731	-0.00075263	-0.00059511	0.013931
4.788	0.082775	131.86	-1.1422	-0.0015276	-0.00042767	0.014532
4.79	0.083593	132.42	-1.1113	-0.0023026	-0.00026024	0.015134
4.792	0.084928	132.94	-1.0645	-0.0027652	-2.5577e-05	0.015458
4.794	0.086514	133.41	-1.0176	-0.0032278	0.00020908	0.015782
4.796	0.087977	133.84	-0.95966	-0.0036904	0.00044374	0.016107
4.798	0.088907	134.24	-0.89057	-0.004153	0.0006784	0.016431
4.8	0.088943	134.59	-0.82148	-0.0046156	0.00091306	0.016755
4.802	0.087859	134.92	-0.72766	-0.0045245	0.00090902	0.016522
4.804	0.085615	135.21	-0.63385	-0.0044334	0.00090498	0.016289
4.806	0.082379	135.47	-0.52946	-0.0043424	0.00090094	0.016056
4.808	0.078495	135.7	-0.4145	-0.0042513	0.00089689	0.015823
4.81	0.07442	135.9	-0.29954	-0.0041602	0.00089285	0.01559
4.812	0.070621	136.07	-0.17327	-0.0039555	0.00060015	0.014839
4.814	0.067483	136.21	-0.047003	-0.0037507	0.00030744	0.014087
4.816	0.065223	136.33	0.077816	-0.003546	1.4739e-05	0.013336
4.818	0.063849	136.42	0.20119	-0.0033412	-0.00027797	0.012585
4.82	0.063159	136.48	0.32456	-0.0031365	-0.00057067	0.011833
4.822	0.062798	136.51	0.42997	-0.0033635	-0.00095099	0.010952
4.824	0.062342	136.51	0.53539	-0.0035905	-0.0013313	0.010071
4.826	0.061409	136.48	0.62582	-0.0038176	-0.0017116	0.0091902
4.828	0.059748	136.41	0.70126	-0.0040446	-0.002092	0.0083092
4.83	0.057305	136.32	0.77671	-0.0042717	-0.0024723	0.0074282
4.832	0.054236	136.18	0.81624	-0.0049165	-0.0027929	0.0068032
4.834	0.050871	136	0.85577	-0.0055613	-0.0031135	0.0061782
4.836	0.047635	135.79	0.87796	-0.0062061	-0.0034342	0.0055532
4.838	0.04494	135.53	0.8828	-0.0068509	-0.0037548	0.0049282
4.84	0.043085	135.23	0.88764	-0.0074957	-0.0040754	0.0043032
4.842	0.042173	134.89	0.86517	-0.0079181	-0.0043422	0.0039607
4.844	0.042089	134.49	0.8427	-0.0083404	-0.0046089	0.0036183
4.846	0.042515	134.05	0.81199	-0.0087628	-0.0048757	0.0032758
4.848	0.043015	133.56	0.77304	-0.0091851	-0.0051425	0.0029334
4.85	0.043141	133.01	0.73409	-0.0096075	-0.0054092	0.0025909
4.852	0.042546	132.41	0.68968	-0.0091453	-0.0055536	0.002283
4.854	0.041088	131.75	0.64526	-0.0086831	-0.005698	0.0019751
4.856	0.038874	131.05	0.60233	-0.0082209	-0.0058424	0.0016672
4.858	0.036258	130.28	0.56089	-0.0077587	-0.0059867	0.0013592
4.86	0.033765	129.46	0.51945	-0.0072965	-0.0061311	0.0010513
4.862	0.031983	128.58	0.48549	-0.0059896	-0.0059284	0.00061324
4.864	0.031424	127.65	0.45154	-0.0046827	-0.0057258	0.00017516
4.866	0.032401	126.66	0.42173	-0.0033758	-0.0055231	-0.00026291
4.868	0.034938	125.62	0.39607	-0.0020689	-0.0053205	-0.00070098
4.87	0.038751	124.53	0.37041	-0.00076198	-0.0051178	-0.0011391
4.872	0.043288	123.38	0.3516	0.00054107	-0.0045071	-0.001681
4.874	0.04783	122.19	0.33278	0.0018441	-0.0038964	-0.002223
4.876	0.051635	120.95	0.31644	0.0031472	-0.0032857	-0.002765
4.878	0.05409	119.67	0.30257	0.0044502	-0.002675	-0.003307
4.88	0.054831	118.34	0.2887	0.0057532	-0.0020642	-0.003849
4.882	0.05382	116.98	0.27875	0.0061072	-0.0014132	-0.0044555
4.884	0.051348	115.58	0.26881	0.0064611	-0.00076222	-0.005062
4.886	0.04797	114.15	0.26096	0.006815	-0.00011121	-0.0056685
4.888	0.044384	112.69	0.25519	0.0071689	0.00053981	-0.006275
4.89	0.041288	111.2	0.24943	0.0075228	0.0011908	-0.0068815
4.892	0.039235	109.7	0.24871	0.0067567	0.0013706	-0.0075308
4.894	0.038524	108.18	0.248	0.0059906	0.0015503	-0.0081801
4.896	0.039154	106.65	0.24994	0.0052245	0.00173	-0.0088294
4.898	0.040835	105.1	0.25455	0.0044584	0.0019098	-0.0094788
4.9	0.043073	103.55	0.25917	0.0036922	0.0020895	-0.010128
4.902	0.045283	102	0.26774	0.0025432	0.0017223	-0.010641
4.904	0.046926	100.46	0.27632	0.0013942	0.001355	-0.011154
4.906	0.047622	98.917	0.28521	0.00024525	0.00098777	-0.011668
4.908	0.047226	97.386	0.29443	-0.00090375	0.00062051	-0.012181
4.91	0.045846	95.868	0.30365	-0.0020527	0.00025326	-0.012694
4.912	0.043805	94.367	0.30893	-0.002671	-0.00015711	-0.01277
4.914	0.041548	92.885	0.3142	-0.0032893	-0.00056747	-0.012846
4.916	0.039535	91.426	0.31534	-0.0039075	-0.00097783	-0.012923
4.918	0.038137	89.991	0.31235	-0.0045258	-0.0013882	-0.012999
4.92	0.037555	88.584	0.30935	-0.005144	-0.0017986	-0.013075
4.922	0.037779	87.206	0.29574	-0.0049324	-0.0017166	-0.012617
4.924	0.038615	85.86	0.28213	-0.0047207	-0.0016346	-0.012159
4.926	0.039736	84.547	0.26364	-0.004509	-0.0015526	-0.011701
4.928	0.040773	83.269	0.24028	-0.0042973	-0.0014705	-0.011244
4.93	0.041414	82.025	0.21692	-0.0040857	-0.0013885	-0.010786
4.932	0.041472	80.819	0.18808	-0.0034152	-0.00087302	-0.010073
4.934	0.040927	79.65	0.15923	-0.0027448	-0.0003575	-0.0093594
4.936	0.03992	78.518	0.13093	-0.0020744	0.00015802	-0.0086462
4.938	0.038711	77.425	0.10318	-0.001404	0.00067354	-0.0079331
4.94	0.037604	76.37	0.075435	-0.00073354	0.0011891	-0.0072199
4.942	0.036861	75.353	0.055672	-9.125e-05	0.0015668	-0.006674
4.944	0.036633	74.373	0.03591	0.00055104	0.0019444	-0.0061282
4.946	0.036919	73.432	0.022602	0.0011933	0.0023221	-0.0055823
4.948	0.037566	72.527	0.01575	0.0018356	0.0026998	-0.0050364
4.95	0.038304	71.658	0.0088977	0.0024779	0.0030775	-0.0044905
4.952	0.038814	70.825	0.016142	0.0028877	0.002944	-0.0043136
4.954	0.03881	70.027	0.023385	0.0032974	0.0028106	-0.0041367
4.956	0.038103	69.263	0.036088	0.0037072	0.0026771	-0.0039598
4.958	0.036658	68.532	0.054251	0.0041169	0.0025436	-0.0037829
4.96	0.034599	67.832	0.072413	0.0045267	0.0024101	-0.003606
4.962	0.032187	67.164	0.094711	0.0046716	0.0020195	-0.0036421
4.964	0.029754	66.526	0.11701	0.0048165	0.0016288	-0.0036782
4.966	0.027638	65.918	0.13714	0.0049614	0.0012382	-0.0037143
4.968	0.026102	65.337	0.15511	0.0051063	0.00084751	-0.0037503
4.97	0.025284	64.785	0.17309	0.0052512	0.00045686	-0.0037864
4.972	0.025169	64.258	0.17906	0.0050698	0.00033519	-0.0037025
4.974	0.025601	63.757	0.18504	0.0048884	0.00021352	-0.0036186
4.976	0.026327	63.281	0.18272	0.0047069	9.1849e-05	-0.0035347
4.978	0.027062	62.828	0.17211	0.0045255	-2.982e-05	-0.0034509
4.98	0.02755	62.399	0.16149	0.004344	-0.00015149	-0.003367
4.982	0.027625	61.992	0.13408	0.0038562	0.00019871	-0.0029911
4.984	0.027245	61.606	0.10668	0.0033684	0.00054892	-0.0026152
4.986	0.02649	61.241	0.073015	0.0028806	0.00089912	-0.0022394
4.988	0.025531	60.896	0.033089	0.0023927	0.0012493	-0.0018635
4.99	0.024592	60.57	-0.0068364	0.0019049	0.0015995	-0.0014877
4.992	0.023885	60.263	-0.051793	0.0013957	0.0021605	-0.0010136
4.994	0.023563	59.973	-0.096751	0.0008865	0.0027216	-0.00053949
4.996	0.023682	59.7	-0.13993	0.00037728	0.0032826	-6.5395e-05
4.998	0.024201	59.443	-0.18133	-0.00013193	0.0038436	0.0004087
5	0.024989	59.2	-0.22272	-0.00064114	0.0044046	0.00088279
5.002	0.025865	58.972	-0.25324	-0.00078564	0.0047453	0.001053
5.004	0.026642	58.756	-0.28375	-0.00093015	0.0050861	0.0012231
5.006	0.027169	58.552	-0.30677	-0.0010747	0.0054268	0.0013933
5.008	0.027364	58.358	-0.32229	-0.0012192	0.0057675	0.0015635
5.01	0.027225	58.175	-0.3378	-0.0013637	0.0061082	0.0017336
5.012	0.026823	57.998	-0.33843	-0.0010519	0.0059668	0.0013964
5.014	0.026282	57.829	-0.33906	-0.00074013	0.0058253	0.0010593
5.016	0.025756	57.663	-0.33433	-0.00042836	0.0056839	0.00072207
5.018	0.025388	57.502	-0.32424	-0.0001166	0.0055424	0.00038488
5.02	0.025302	57.341	-0.31414	0.00019517	0.005401	4.7699e-05
5.022	0.025587	57.181	-0.30035	0.00066175	0.0048562	-0.00058228
5.024	0.026306	57.018	-0.28656	0.0011283	0.0043115	-0.0012123
5.026	0.0275	56.852	-0.2749	0.0015949	0.0037667	-0.0018422
5.028	0.029201	56.679	-0.26539	0.0020615	0.003222	-0.0024722
5.03	0.031437	56.499	-0.25588	0.0025281	0.0026772	-0.0031022
5.032	0.034228	56.308	-0.25757	0.0028283	0.0020743	-0.0036224
5.034	0.037573	56.106	-0.25925	0.0031285	0.0014713	-0.0041426
5.036	0.041429	55.889	-0.26864	0.0034286	0.00086831	-0.0046628
5.038	0.045689	55.656	-0.28572	0.0037288	0.00026534	-0.0051829
5.04	0.050173	55.404	-0.30281	0.004029	-0.00033763	-0.0057031
5.042	0.054635	55.133	-0.33595	0.0041627	-0.00067303	-0.0059091
5.044	0.058784	54.839	-0.3691	0.0042963	-0.0010084	-0.0061152
5.046	0.062328	54.522	-0.40889	0.00443	-0.0013438	-0.0063212
5.048	0.065024	54.178	-0.45534	0.0045636	-0.0016792	-0.0065272
5.05	0.066729	53.807	-0.50179	0.0046973	-0.0020146	-0.0067332
5.052	0.067437	53.406	-0.5564	0.0048179	-0.0020018	-0.0066979
5.054	0.067292	52.976	-0.61101	0.0049385	-0.001989	-0.0066625
5.056	0.066568	52.512	-0.66673	0.0050591	-0.0019762	-0.0066272
5.058	0.065621	52.016	-0.72356	0.0051797	-0.0019634	-0.0065919
5.06	0.064825	51.484	-0.78038	0.0053004	-0.0019506	-0.0065565
5.062	0.064491	50.918	-0.83432	0.0053652	-0.0017042	-0.006406
5.064	0.064802	50.316	-0.88826	0.0054301	-0.0014578	-0.0062554
5.066	0.065771	49.676	-0.93928	0.005495	-0.0012114	-0.0061048
5.068	0.067236	49	-0.98738	0.0055598	-0.00096497	-0.0059543
5.07	0.068889	48.286	-1.0355	0.0056247	-0.00071857	-0.0058037
5.072	0.070352	47.534	-1.0774	0.0054779	-0.00039595	-0.0055721
5.074	0.071251	46.745	-1.1193	0.0053311	-7.3329e-05	-0.0053405
5.076	0.07131	45.919	-1.1592	0.0051844	0.00024929	-0.0051088
5.078	0.070416	45.055	-1.197	0.0050376	0.00057192	-0.0048772
5.08	0.068647	44.155	-1.2348	0.0048908	0.00089454	-0.0046456
5.082	0.066263	43.218	-1.2717	0.0046269	0.0011094	-0.0043506
5.084	0.063647	42.247	-1.3086	0.0043629	0.0013243	-0.0040556
5.086	0.061221	41.241	-1.3466	0.004099	0.0015392	-0.0037607
5.088	0.059349	40.203	-1.3858	0.0038351	0.0017541	-0.0034657
5.09	0.058244	39.131	-1.4249	0.0035712	0.001969	-0.0031707
5.092	0.057912	38.029	-1.4681	0.0035053	0.0018818	-0.0028869
5.094	0.058145	36.897	-1.5114	0.0034393	0.0017946	-0.0026031
5.096	0.058549	35.737	-1.5566	0.0033734	0.0017074	-0.0023194
5.098	0.058627	34.548	-1.6037	0.0033075	0.0016203	-0.0020356
5.1	0.057881	33.335	-1.6509	0.0032416	0.0015331	-0.0017518
5.102	0.055923	32.097	-1.7002	0.0034617	0.0011479	-0.0015488
5.104	0.052559	30.836	-1.7495	0.0036817	0.00076276	-0.0013457
5.106	0.047836	29.553	-1.7986	0.0039017	0.00037759	-0.0011427
5.108	0.04204	28.25	-1.8475	0.0041218	-7.5792e-06	-0.0009396
5.11	0.035636	26.928	-1.8964	0.0043418	-0.00039275	-0.00073654
5.112	0.029173	25.589	-1.9428	0.0045447	-0.00074281	-0.00061118
5.114	0.023162	24.232	-1.9893	0.0047475	-0.0010929	-0.00048583
5.116	0.017965	22.862	-2.0343	0.0049504	-0.0014429	-0.00036047
5.118	0.013696	21.476	-2.078	0.0051532	-0.001793	-0.00023512
5.12	0.010184	20.078	-2.1217	0.0053561	-0.0021431	-0.00010976
5.122	0.0069778	18.668	-2.1644	0.005254	-0.002095	2.5099e-06
5.124	0.0034105	17.247	-2.2071	0.0051519	-0.0020469	0.00011478
5.126	-0.0013004	15.815	-2.2509	0.0050498	-0.0019988	0.00022705
5.128	-0.007926	14.374	-2.296	0.0049477	-0.0019508	0.00033933
5.13	-0.017095	12.924	-2.3411	0.0048457	-0.0019027	0.0004516
5.132	-0.029189	11.465	-2.3922	0.0045632	-0.001491	0.0006497
5.134	-0.044269	9.9988	-2.4434	0.0042807	-0.0010793	0.0008478
5.136	-0.062056	8.5248	-2.4989	0.0039982	-0.00066754	0.0010459
5.138	-0.081941	7.0434	-2.5586	0.0037158	-0.00025582	0.001244
5.14	-0.10304	5.5549	-2.6184	0.0034333	0.00015589	0.0014421
5.142	-0.12429	4.0593	-2.6866	0.0033538	0.00054957	0.0018015
5.144	-0.14454	2.5567	-2.7548	0.0032743	0.00094326	0.002161
5.146	-0.16262	1.0471	-2.8255	0.0031948	0.0013369	0.0025204
5.148	-0.17749	-0.46984	-2.8988	0.0031152	0.0017306	0.0028799
5.15	-0.18824	-1.994	-2.9722	0.0030357	0.0021243	0.0032393
5.152	-0.19422	-3.5259	-3.0446	0.0033385	0.002234	0.0036991
5.154	-0.195	-5.0656	-3.1171	0.0036413	0.0023437	0.0041589
5.156	-0.19048	-6.6137	-3.1856	0.0039441	0.0024533	0.0046186
5.158	-0.18082	-8.1702	-3.2501	0.0042469	0.002563	0.0050784
5.16	-0.1665	-9.736	-3.3145	0.0045496	0.0026727	0.0055382
5.162	-0.14827	-11.311	-3.3644	0.0050359	0.0025822	0.0058857
5.164	-0.12712	-12.896	-3.4143	0.0055222	0.0024917	0.0062333
5.166	-0.10419	-14.491	-3.4547	0.0060085	0.0024012	0.0065809
5.168	-0.080737	-16.098	-3.4857	0.0064947	0.0023107	0.0069285
5.17	-0.057993	-17.715	-3.5167	0.006981	0.0022202	0.007276
5.172	-0.037077	-19.344	-3.5277	0.0073273	0.0021356	0.0073193
5.174	-0.018886	-20.985	-3.5387	0.0076737	0.002051	0.0073626
5.176	-0.0040159	-22.639	-3.5405	0.00802	0.0019665	0.0074059
5.178	0.0072935	-24.306	-3.5332	0.0083663	0.0018819	0.0074492
5.18	0.015167	-25.986	-3.5259	0.0087127	0.0017973	0.0074925
5.182	0.02006	-27.679	-3.5041	0.0087171	0.0017577	0.0072183
5.184	0.022683	-29.387	-3.4824	0.0087215	0.0017181	0.0069441
5.186	0.023894	-31.108	-3.4556	0.008726	0.0016785	0.0066699
5.188	0.024572	-32.843	-3.4238	0.0087304	0.0016389	0.0063957
5.19	0.025497	-34.592	-3.392	0.0087348	0.0015993	0.0061215
5.192	0.027248	-36.356	-3.3542	0.0082834	0.001473	0.0056735
5.194	0.030137	-38.134	-3.3165	0.007832	0.0013467	0.0052254
5.196	0.034187	-39.925	-3.2773	0.0073806	0.0012204	0.0047773
5.198	0.039152	-41.731	-3.2367	0.0069292	0.0010941	0.0043292
5.2	0.04459	-43.55	-3.1961	0.0064777	0.00096784	0.0038812
5.202	0.049948	-45.382	-3.1553	0.0055573	0.00065896	0.0034561
5.204	0.054668	-47.227	-3.1144	0.0046368	0.00035007	0.0030311
5.206	0.058287	-49.085	-3.0749	0.0037163	4.1183e-05	0.0026061
5.208	0.060514	-50.954	-3.0366	0.0027958	-0.0002677	0.002181
5.21	0.06128	-52.835	-2.9983	0.0018754	-0.00057659	0.001756
5.212	0.060735	-54.726	-2.966	0.00079017	-0.00096879	0.0015175
5.214	0.059225	-56.628	-2.9338	-0.00029501	-0.001361	0.001279
5.216	0.057225	-58.538	-2.9067	-0.0013802	-0.0017532	0.0010405
5.218	0.055256	-60.457	-2.8849	-0.0024654	-0.0021454	0.00080193
5.22	0.053792	-62.383	-2.8631	-0.0035506	-0.0025376	0.00056341
5.222	0.053183	-64.316	-2.8563	-0.004257	-0.0027835	0.00056027
5.224	0.053592	-66.255	-2.8495	-0.0049634	-0.0030294	0.00055712
5.226	0.054967	-68.2	-2.852	-0.0056699	-0.0032753	0.00055397
5.228	0.057052	-70.148	-2.8638	-0.0063763	-0.0035212	0.00055083
5.23	0.059429	-72.101	-2.8755	-0.0070828	-0.0037671	0.00054768
5.232	0.061587	-74.055	-2.907	-0.0071606	-0.0037454	0.00069632
5.234	0.063014	-76.012	-2.9384	-0.0072383	-0.0037236	0.00084497
5.236	0.063283	-77.969	-2.9787	-0.0073161	-0.0037019	0.00099361
5.238	0.062128	-79.928	-3.0277	-0.0073939	-0.0036802	0.0011423
5.24	0.059494	-81.886	-3.0768	-0.0074717	-0.0036584	0.0012909
5.242	0.055547	-83.844	-3.1383	-0.0072322	-0.0034803	0.001463
5.244	0.050649	-85.801	-3.1999	-0.0069926	-0.0033022	0.0016351
5.246	0.04529	-87.757	-3.2642	-0.006753	-0.0031241	0.0018072
5.248	0.040011	-89.711	-3.3312	-0.0065135	-0.002946	0.0019793
5.25	0.035302	-91.664	-3.3982	-0.0062739	-0.0027679	0.0021514
5.252	0.03151	-93.615	-3.4635	-0.0061644	-0.0026201	0.0022654
5.254	0.028787	-95.565	-3.5288	-0.006055	-0.0024723	0.0023794
5.256	0.027066	-97.513	-3.5905	-0.0059455	-0.0023244	0.0024934
5.258	0.026078	-99.461	-3.6485	-0.0058361	-0.0021766	0.0026075
5.26	0.02541	-101.41	-3.7065	-0.0057266	-0.0020287	0.0027215
5.262	0.024595	-103.36	-3.7542	-0.0058284	-0.0019624	0.0027537
5.264	0.023212	-105.3	-3.8019	-0.0059303	-0.001896	0.002786
5.266	0.020962	-107.25	-3.8442	-0.0060321	-0.0018296	0.0028182
5.268	0.017736	-109.21	-3.881	-0.006134	-0.0017633	0.0028505
5.27	0.013624	-111.16	-3.9179	-0.0062359	-0.0016969	0.0028827
5.272	0.0088883	-113.12	-3.9452	-0.0063593	-0.0016424	0.0028202
5.274	0.0038931	-115.09	-3.9725	-0.0064828	-0.0015879	0.0027577
5.276	-0.00098451	-117.06	-3.9957	-0.0066063	-0.0015334	0.0026951
5.278	-0.0054482	-119.04	-4.0149	-0.0067297	-0.0014789	0.0026326
5.28	-0.0093542	-121.03	-4.0341	-0.0068532	-0.0014244	0.0025701
5.282	-0.01275	-123.03	-4.0458	-0.0069635	-0.0013634	0.0023761
5.284	-0.015861	-125.03	-4.0575	-0.0070739	-0.0013024	0.0021821
5.286	-0.019037	-127.05	-4.0653	-0.0071842	-0.0012414	0.0019881
5.288	-0.022654	-129.08	-4.0692	-0.0072945	-0.0011805	0.0017941
5.29	-0.027023	-131.12	-4.0731	-0.0074049	-0.0011195	0.0016001
5.292	-0.032299	-133.17	-4.0682	-0.007676	-0.0011501	0.0012703
5.294	-0.03843	-135.24	-4.0634	-0.0079472	-0.0011807	0.00094043
5.296	-0.045148	-137.31	-4.0542	-0.0082183	-0.0012114	0.00061059
5.298	-0.052032	-139.4	-4.0405	-0.0084895	-0.001242	0.00028075
5.3	-0.058592	-141.5	-4.0269	-0.0087606	-0.0012726	-4.9087e-05
5.302	-0.064392	-143.61	-4.006	-0.0092159	-0.001461	-0.00038713
5.304	-0.069158	-145.72	-3.9852	-0.0096713	-0.0016493	-0.00072518
5.306	-0.072857	-147.84	-3.9626	-0.010127	-0.0018376	-0.0010632
5.308	-0.075724	-149.96	-3.9383	-0.010582	-0.0020259	-0.0014013
5.31	-0.07822	-152.09	-3.9139	-0.011037	-0.0022143	-0.0017393
5.312	-0.080939	-154.21	-3.8906	-0.011388	-0.0024307	-0.0018639
5.314	-0.084485	-156.33	-3.8674	-0.011739	-0.0026471	-0.0019884
5.316	-0.089322	-158.43	-3.8465	-0.012089	-0.0028636	-0.002113
5.318	-0.095669	-160.52	-3.8281	-0.01244	-0.00308	-0.0022376
5.32	-0.10344	-162.59	-3.8096	-0.012791	-0.0032964	-0.0023621
5.322	-0.11224	-164.64	-3.7966	-0.012749	-0.0033298	-0.0021592
5.324	-0.12147	-166.66	-3.7836	-0.012708	-0.0033632	-0.0019562
5.326	-0.13044	-168.64	-3.7715	-0.012667	-0.0033965	-0.0017533
5.328	-0.13852	-170.58	-3.7603	-0.012625	-0.0034299	-0.0015503
5.33	-0.14529	-172.47	-3.7491	-0.012584	-0.0034633	-0.0013474
5.332	-0.15064	-174.3	-3.7318	-0.012233	-0.0033356	-0.00094554
5.334	-0.15477	-176.08	-3.7146	-0.011881	-0.0032079	-0.00054372
5.336	-0.15819	-177.77	-3.6894	-0.01153	-0.0030803	-0.0001419
5.338	-0.16152	-179.4	-3.6563	-0.011178	-0.0029526	0.00025991
5.34	-0.16542	-180.93	-3.6232	-0.010827	-0.0028249	0.00066173
5.342	-0.17033	-182.37	-3.5659	-0.010559	-0.0028339	0.00098686
5.344	-0.17645	-183.71	-3.5085	-0.010292	-0.0028428	0.001312
5.346	-0.18359	-184.94	-3.4373	-0.010024	-0.0028518	0.0016371
5.348	-0.19126	-186.05	-3.3521	-0.0097563	-0.0028607	0.0019623
5.35	-0.19876	-187.03	-3.267	-0.0094887	-0.0028697	0.0022874
5.352	-0.20534	-187.88	-3.1578	-0.0095704	-0.0031838	0.002321
5.354	-0.21038	-188.59	-3.0485	-0.0096521	-0.003498	0.0023546
5.356	-0.21353	-189.14	-2.9327	-0.0097338	-0.0038121	0.0023882
5.358	-0.21485	-189.55	-2.8103	-0.0098155	-0.0041262	0.0024218
5.36	-0.21476	-189.78	-2.6879	-0.0098972	-0.0044404	0.0024554
5.362	-0.21397	-189.85	-2.5682	-0.010135	-0.0047605	0.0021511
5.364	-0.21333	-189.75	-2.4486	-0.010374	-0.0050806	0.0018469
5.366	-0.2136	-189.46	-2.3386	-0.010612	-0.0054007	0.0015426
5.368	-0.21531	-188.99	-2.2382	-0.01085	-0.0057208	0.0012383
5.37	-0.21859	-188.32	-2.1378	-0.011088	-0.0060409	0.00093405
5.372	-0.22315	-187.47	-2.0692	-0.01104	-0.0058698	0.0003821
5.374	-0.2283	-186.41	-2.0007	-0.010991	-0.0056988	-0.00016986
5.376	-0.23314	-185.16	-1.9505	-0.010942	-0.0055278	-0.00072181
5.378	-0.23677	-183.71	-1.9187	-0.010893	-0.0053567	-0.0012738
5.38	-0.23845	-182.05	-1.887	-0.010844	-0.0051857	-0.0018257
5.382	-0.2378	-180.19	-1.8882	-0.010367	-0.0044497	-0.0024531
5.384	-0.2349	-178.13	-1.8894	-0.0098909	-0.0037137	-0.0030804
5.386	-0.23027	-175.86	-1.9016	-0.0094144	-0.0029778	-0.0037078
5.388	-0.22474	-173.39	-1.9249	-0.008938	-0.0022418	-0.0043351
5.39	-0.21926	-170.73	-1.9481	-0.0084616	-0.0015058	-0.0049625
5.392	-0.21468	-167.86	-1.9788	-0.0079437	-0.0007101	-0.0054313
5.394	-0.21155	-164.81	-2.0095	-0.0074259	8.5638e-05	-0.0059001
5.396	-0.20997	-161.56	-2.0372	-0.0069081	0.00088137	-0.0063689
5.398	-0.20957	-158.13	-2.062	-0.0063903	0.0016771	-0.0068377
5.4	-0.20959	-154.53	-2.0867	-0.0058725	0.0024728	-0.0073065
5.402	-0.20906	-150.74	-2.097	-0.0058044	0.0028118	-0.0073962
5.404	-0.20703	-146.8	-2.1073	-0.0057363	0.0031508	-0.0074859
5.406	-0.20278	-142.68	-2.1094	-0.0056682	0.0034898	-0.0075756
5.408	-0.19603	-138.42	-2.1033	-0.0056002	0.0038288	-0.0076653
5.41	-0.18699	-134.01	-2.0973	-0.0055321	0.0041678	-0.007755
5.412	-0.17634	-129.47	-2.0792	-0.0059462	0.0040679	-0.0074284
5.414	-0.16506	-124.79	-2.0611	-0.0063602	0.003968	-0.0071019
5.416	-0.15427	-119.99	-2.0408	-0.0067743	0.003868	-0.0067753
5.418	-0.1449	-115.08	-2.0184	-0.0071884	0.0037681	-0.0064487
5.42	-0.13754	-110.06	-1.996	-0.0076025	0.0036681	-0.0061222
5.422	-0.13228	-104.95	-1.9771	-0.0080104	0.0035009	-0.005632
5.424	-0.1287	-99.755	-1.9581	-0.0084184	0.0033336	-0.0051419
5.426	-0.12598	-94.479	-1.9434	-0.0088264	0.0031664	-0.0046517
5.428	-0.12305	-89.141	-1.9329	-0.0092343	0.0029991	-0.0041616
5.43	-0.11887	-83.74	-1.9223	-0.0096423	0.0028319	-0.0036715
5.432	-0.11268	-78.296	-1.921	-0.0094746	0.0027839	-0.0034384
5.434	-0.10411	-72.808	-1.9196	-0.0093069	0.0027358	-0.0032054
5.436	-0.093339	-67.295	-1.9214	-0.0091392	0.0026878	-0.0029723
5.438	-0.080994	-61.757	-1.9264	-0.0089715	0.0026398	-0.0027393
5.44	-0.06804	-56.212	-1.9314	-0.0088038	0.0025917	-0.0025063
5.442	-0.055552	-50.659	-1.9385	-0.0079101	0.0025491	-0.0028157
5.444	-0.044483	-45.117	-1.9456	-0.0070164	0.0025065	-0.0031251
5.446	-0.035472	-39.585	-1.9522	-0.0061226	0.0024639	-0.0034344
5.448	-0.028717	-34.081	-1.9583	-0.0052289	0.0024214	-0.0037438
5.45	-0.023959	-28.604	-1.9644	-0.0043352	0.0023788	-0.0040532
5.452	-0.020574	-23.169	-1.9698	-0.0032166	0.0022434	-0.0047516
5.454	-0.017742	-17.778	-1.9751	-0.002098	0.002108	-0.0054499
5.456	-0.014653	-12.444	-1.982	-0.00097948	0.0019726	-0.0061483
5.458	-0.0107	-7.1673	-1.9905	0.00013909	0.0018372	-0.0068467
5.46	-0.0056123	-1.9622	-1.9989	0.0012577	0.0017019	-0.007545
5.462	0.00049357	3.1716	-2.0172	0.001722	0.0015751	-0.0079781
5.464	0.0071674	8.222	-2.0354	0.0021863	0.0014483	-0.0084111
5.466	0.013757	13.189	-2.0622	0.0026506	0.0013215	-0.0088441
5.468	0.019584	18.061	-2.0974	0.0031149	0.0011947	-0.0092772
5.47	0.024117	22.839	-2.1326	0.0035792	0.0010679	-0.0097102
5.472	0.027114	27.513	-2.1898	0.0029476	0.0010988	-0.0091587
5.474	0.028676	32.082	-2.247	0.002316	0.0011296	-0.0086071
5.476	0.029218	36.54	-2.3157	0.0016844	0.0011605	-0.0080556
5.478	0.029357	40.885	-2.3959	0.0010527	0.0011914	-0.0075041
5.48	0.029761	45.112	-2.4761	0.00042114	0.0012223	-0.0069525
5.482	0.030976	49.221	-2.5754	-0.00066974	0.0013952	-0.0053956
5.484	0.033299	53.206	-2.6746	-0.0017606	0.0015682	-0.0038387
5.486	0.036703	57.067	-2.7794	-0.0028515	0.0017411	-0.0022818
5.488	0.040861	60.802	-2.8896	-0.0039423	0.001914	-0.00072487
5.49	0.045232	64.41	-2.9998	-0.0050332	0.0020869	0.00083204
5.492	0.049209	67.891	-3.1103	-0.0053568	0.0022262	0.0024701
5.494	0.052278	71.243	-3.2209	-0.0056805	0.0023656	0.0041081
5.496	0.054151	74.467	-3.3261	-0.0060041	0.0025049	0.0057461
5.498	0.05484	77.563	-3.426	-0.0063277	0.0026442	0.0073841
5.5	0.054648	80.532	-3.5259	-0.0066514	0.0027835	0.0090221
5.502	0.054092	83.375	-3.6062	-0.0056798	0.0027559	0.0096796
5.504	0.053756	86.096	-3.6864	-0.0047083	0.0027282	0.010337
5.506	0.054141	88.693	-3.754	-0.0037367	0.0027005	0.010995
5.508	0.05552	91.171	-3.8088	-0.0027652	0.0026729	0.011652
5.51	0.057862	93.532	-3.8637	-0.0017936	0.0026452	0.012309
5.512	0.060824	95.78	-3.8918	-0.00025881	0.0024861	0.011819
5.514	0.063834	97.915	-3.9198	0.001276	0.002327	0.011328
5.516	0.066227	99.945	-3.9358	0.0028108	0.0021678	0.010837
5.518	0.067421	101.87	-3.9397	0.0043456	0.0020087	0.010347
5.52	0.067073	103.7	-3.9436	0.0058804	0.0018496	0.0098559
5.522	0.06518	105.43	-3.9297	0.0068271	0.0016636	0.0089451
5.524	0.062107	107.07	-3.9159	0.0077739	0.0014775	0.0080343
5.526	0.058528	108.62	-3.8977	0.0087206	0.0012915	0.0071235
5.528	0.055279	110.09	-3.8751	0.0096673	0.0011055	0.0062127
5.53	0.053178	111.48	-3.8525	0.010614	0.00091943	0.0053019
5.532	0.052835	112.79	-3.8314	0.010587	0.00076795	0.0046948
5.534	0.054507	114.04	-3.8103	0.010559	0.00061648	0.0040876
5.536	0.058025	115.22	-3.7948	0.010531	0.000465	0.0034805
5.538	0.062812	116.34	-3.785	0.010504	0.00031352	0.0028734
5.54	0.067999	117.4	-3.7751	0.010476	0.00016204	0.0022663
5.542	0.072601	118.41	-3.7838	0.010096	0.00011224	0.0020971
5.544	0.075718	119.37	-3.7926	0.0097147	6.244e-05	0.0019279
5.546	0.076728	120.28	-3.8125	0.0093339	1.2638e-05	0.0017586
5.548	0.07541	121.14	-3.8434	0.008953	-3.7163e-05	0.0015894
5.55	0.071996	121.97	-3.8744	0.0085722	-8.6965e-05	0.0014202
5.552	0.067112	122.75	-3.9263	0.0087123	4.4376e-05	0.001451
5.554	0.061649	123.5	-3.9782	0.0088525	0.00017572	0.0014818
5.556	0.056578	124.21	-4.0376	0.0089927	0.00030706	0.0015126
5.558	0.05275	124.89	-4.1046	0.0091329	0.0004384	0.0015433
5.56	0.050733	125.54	-4.1715	0.009273	0.00056974	0.0015741
5.562	0.050704	126.15	-4.2445	0.010219	0.00083236	0.0016161
5.564	0.052437	126.72	-4.3174	0.011166	0.001095	0.0016582
5.566	0.055364	127.27	-4.3884	0.012112	0.0013576	0.0017002
5.568	0.058715	127.78	-4.4574	0.013058	0.0016202	0.0017422
5.57	0.061682	128.26	-4.5264	0.014005	0.0018829	0.0017842
5.572	0.06359	128.71	-4.5838	0.015269	0.0020861	0.001822
5.574	0.064031	129.12	-4.6411	0.016534	0.0022894	0.0018598
5.576	0.062925	129.49	-4.6909	0.017798	0.0024927	0.0018975
5.578	0.060524	129.82	-4.7331	0.019063	0.002696	0.0019353
5.58	0.057328	130.11	-4.7753	0.020328	0.0028992	0.0019731
5.582	0.053968	130.36	-4.8045	0.021102	0.0029215	0.0020931
5.584	0.051062	130.57	-4.8336	0.021876	0.0029437	0.0022131
5.586	0.049089	130.73	-4.8596	0.022651	0.002966	0.0023332
5.588	0.048295	130.84	-4.8825	0.023425	0.0029882	0.0024532
5.59	0.048663	130.91	-4.9054	0.024199	0.0030105	0.0025732
5.592	0.049938	130.92	-4.9313	0.023944	0.0028952	0.0028671
5.594	0.051707	130.88	-4.9573	0.02369	0.0027799	0.0031609
5.596	0.053502	130.78	-4.989	0.023435	0.0026647	0.0034547
5.598	0.054914	130.63	-5.0265	0.02318	0.0025494	0.0037485
5.6	0.05568	130.43	-5.0641	0.022925	0.0024341	0.0040423
5.602	0.055729	130.16	-5.1182	0.021722	0.002246	0.004473
5.604	0.055188	129.84	-5.1722	0.020518	0.0020579	0.0049037
5.606	0.054331	129.47	-5.2343	0.019315	0.0018698	0.0053344
5.608	0.053497	129.03	-5.3045	0.018111	0.0016816	0.0057651
5.61	0.053001	128.54	-5.3746	0.016908	0.0014935	0.0061957
5.612	0.053049	127.99	-5.4552	0.015428	0.0012571	0.0065336
5.614	0.053685	127.39	-5.5357	0.013948	0.0010208	0.0068714
5.616	0.054776	126.74	-5.617	0.012468	0.0007844	0.0072092
5.618	0.056051	126.04	-5.6989	0.010988	0.00054802	0.0075471
5.62	0.057159	125.29	-5.7809	0.0095086	0.00031165	0.0078849
5.622	0.057769	124.49	-5.8552	0.0085588	0.00013942	0.0078857
5.624	0.057654	123.65	-5.9294	0.007609	-3.2807e-05	0.0078866
5.626	0.056756	122.77	-5.9965	0.0066592	-0.00020504	0.0078874
5.628	0.055217	121.86	-6.0566	0.0057094	-0.00037726	0.0078883
5.63	0.05336	120.91	-6.1167	0.0047596	-0.00054949	0.0078891
5.632	0.051632	119.94	-6.1608	0.004629	-0.00051361	0.007549
5.634	0.050502	118.94	-6.205	0.0044984	-0.00047772	0.0072088
5.636	0.050358	117.92	-6.2426	0.0043678	-0.00044183	0.0068687
5.638	0.051413	116.89	-6.2737	0.0042372	-0.00040594	0.0065285
5.64	0.053637	115.84	-6.3049	0.0041066	-0.00037005	0.0061884
5.642	0.056744	114.79	-6.3291	0.0043603	-0.00024844	0.0057147
5.644	0.060233	113.73	-6.3533	0.004614	-0.00012684	0.005241
5.646	0.063477	112.67	-6.3772	0.0048677	-5.2288e-06	0.0047673
5.648	0.065845	111.62	-6.4009	0.0051214	0.00011638	0.0042936
5.65	0.066838	110.57	-6.4247	0.0053751	0.00023798	0.0038198
5.652	0.066197	109.54	-6.4522	0.0054067	9.611e-05	0.0033569
5.654	0.063982	108.51	-6.4798	0.0054383	-4.5765e-05	0.002894
5.656	0.060572	107.51	-6.5095	0.0054699	-0.00018764	0.0024311
5.658	0.056616	106.52	-6.5413	0.0055015	-0.00032952	0.0019682
5.66	0.052912	105.55	-6.5731	0.0055331	-0.00047139	0.0015052
5.662	0.05026	104.61	-6.6056	0.0052419	-0.00092283	0.001019
5.664	0.0493	103.69	-6.6381	0.0049506	-0.0013743	0.00053275
5.666	0.050373	102.8	-6.6681	0.0046593	-0.0018257	4.6508e-05
5.668	0.053449	101.93	-6.6953	0.0043681	-0.0022771	-0.00043973
5.67	0.058112	101.09	-6.7226	0.0040768	-0.0027286	-0.00092598
5.672	0.063636	100.27	-6.7385	0.0038363	-0.0030107	-0.0014715
5.674	0.069119	99.485	-6.7544	0.0035957	-0.0032928	-0.0020171
5.676	0.073659	98.722	-6.7626	0.0033552	-0.0035749	-0.0025626
5.678	0.076536	97.984	-6.763	0.0031146	-0.0038571	-0.0031082
5.68	0.07736	97.269	-6.7635	0.0028741	-0.0041392	-0.0036537
5.682	0.076158	96.577	-6.7481	0.0029371	-0.0038192	-0.004141
5.684	0.073368	95.905	-6.7326	0.0030001	-0.0034992	-0.0046284
5.686	0.069755	95.252	-6.7108	0.0030632	-0.0031792	-0.0051157
5.688	0.066255	94.615	-6.6825	0.0031262	-0.0028592	-0.005603
5.69	0.063786	93.995	-6.6543	0.0031892	-0.0025392	-0.0060903
5.692	0.063053	93.385	-6.6188	0.0033999	-0.0018418	-0.0063462
5.694	0.064404	92.788	-6.5834	0.0036106	-0.0011444	-0.006602
5.696	0.067753	92.198	-6.5474	0.0038212	-0.00044698	-0.0068578
5.698	0.072605	91.615	-6.511	0.0040319	0.00025041	-0.0071137
5.7	0.078159	91.037	-6.4746	0.0042426	0.0009478	-0.0073695
5.702	0.083476	90.461	-6.4422	0.0043588	0.0013824	-0.0073235
5.704	0.087683	89.887	-6.4098	0.004475	0.001817	-0.0072774
5.706	0.090153	89.312	-6.3808	0.0045912	0.0022516	-0.0072314
5.708	0.090633	88.735	-6.3551	0.0047074	0.0026862	-0.0071854
5.71	0.089292	88.156	-6.3294	0.0048236	0.0031208	-0.0071393
5.712	0.086672	87.572	-6.3104	0.0048713	0.0030272	-0.0067909
5.714	0.08356	86.985	-6.2915	0.0049191	0.0029336	-0.0064425
5.716	0.080812	86.393	-6.2749	0.0049668	0.00284	-0.0060941
5.718	0.079161	85.796	-6.2607	0.0050146	0.0027465	-0.0057457
5.72	0.079058	85.194	-6.2465	0.0050623	0.0026529	-0.0053973
5.722	0.080583	84.588	-6.234	0.0052359	0.0024263	-0.0047329
5.724	0.08344	83.978	-6.2215	0.0054094	0.0021997	-0.0040686
5.726	0.087042	83.366	-6.2083	0.005583	0.0019731	-0.0034042
5.728	0.090652	82.752	-6.1944	0.0057565	0.0017466	-0.0027399
5.73	0.093563	82.137	-6.1805	0.0059301	0.00152	-0.0020755
5.732	0.095259	81.523	-6.1626	0.0062696	0.0016562	-0.0012027
5.734	0.095533	80.911	-6.1447	0.0066091	0.0017924	-0.00032998
5.736	0.094517	80.304	-6.1238	0.0069486	0.0019286	0.00054278
5.738	0.092642	79.702	-6.0998	0.0072881	0.0020648	0.0014155
5.74	0.090511	79.108	-6.0759	0.0076276	0.0022009	0.0022883
5.742	0.088744	78.523	-6.0442	0.0079501	0.0026573	0.0029962
5.744	0.087822	77.949	-6.0125	0.0082726	0.0031136	0.0037042
5.746	0.087958	77.388	-5.9761	0.0085951	0.00357	0.0044121
5.748	0.08905	76.84	-5.9351	0.0089176	0.0040263	0.00512
5.75	0.090708	76.308	-5.8941	0.0092401	0.0044827	0.005828
5.752	0.092363	75.793	-5.8422	0.0093758	0.0047427	0.0059949
5.754	0.093415	75.296	-5.7904	0.0095115	0.0050027	0.0061619
5.756	0.093396	74.818	-5.7327	0.0096472	0.0052627	0.0063289
5.758	0.092114	74.358	-5.6691	0.0097829	0.0055227	0.0064959
5.76	0.089712	73.919	-5.6056	0.0099186	0.0057827	0.0066629
5.762	0.086658	73.5	-5.5305	0.0098798	0.0054427	0.0063456
5.764	0.083646	73.1	-5.4555	0.0098411	0.0051026	0.0060282
5.766	0.081446	72.719	-5.3757	0.0098024	0.0047625	0.0057108
5.768	0.080718	72.357	-5.2911	0.0097637	0.0044225	0.0053935
5.77	0.081852	72.013	-5.2065	0.009725	0.0040824	0.0050761
5.772	0.084866	71.684	-5.1162	0.0095605	0.0032468	0.0046927
5.774	0.089381	71.371	-5.0259	0.0093959	0.0024112	0.0043093
5.776	0.094698	71.07	-4.9354	0.0092314	0.0015755	0.0039258
5.778	0.099942	70.781	-4.8447	0.0090669	0.00073991	0.0035424
5.78	0.10424	70.5	-4.7541	0.0089023	-9.5718e-05	0.003159
5.782	0.10693	70.226	-4.6689	0.0084952	-0.00091715	0.0029504
5.784	0.10766	69.954	-4.5837	0.008088	-0.0017386	0.0027418
5.786	0.10651	69.685	-4.504	0.0076809	-0.00256	0.0025332
5.788	0.10393	69.412	-4.4296	0.0072737	-0.0033814	0.0023246
5.79	0.10065	69.137	-4.3553	0.0068665	-0.0042029	0.002116
5.792	0.097493	68.852	-4.2952	0.0060964	-0.0045016	0.0019256
5.794	0.095196	68.559	-4.2352	0.0053264	-0.0048002	0.0017351
5.796	0.094252	68.251	-4.1828	0.0045563	-0.0050989	0.0015447
5.798	0.0948	67.928	-4.138	0.0037862	-0.0053976	0.0013543
5.8	0.096609	67.585	-4.0932	0.0030161	-0.0056963	0.0011639
5.802	0.099145	67.222	-4.0619	0.0021345	-0.0053661	0.00080491
5.804	0.10171	66.835	-4.0306	0.0012529	-0.005036	0.00044595
5.806	0.10361	66.423	-4.004	0.00037137	-0.0047058	8.6998e-05
5.808	0.10434	65.983	-3.9823	-0.0005102	-0.0043757	-0.00027196
5.81	0.10368	65.514	-3.9605	-0.0013918	-0.0040455	-0.00063091
5.812	0.10176	65.014	-3.9431	-0.0018523	-0.0034699	-0.0010497
5.814	0.099052	64.482	-3.9257	-0.0023128	-0.0028942	-0.0014685
5.816	0.096199	63.917	-3.9078	-0.0027734	-0.0023185	-0.0018873
5.818	0.093922	63.32	-3.8895	-0.0032339	-0.0017429	-0.0023061
5.82	0.092822	62.689	-3.8712	-0.0036944	-0.0011672	-0.0027249
5.822	0.093249	62.024	-3.8477	-0.0035879	-0.00083776	-0.0029597
5.824	0.095224	61.326	-3.8242	-0.0034814	-0.0005083	-0.0031945
5.826	0.098441	60.596	-3.7969	-0.0033749	-0.00017883	-0.0034293
5.828	0.10234	59.834	-3.7657	-0.0032684	0.00015063	-0.0036641
5.83	0.10624	59.04	-3.7346	-0.0031619	0.00048009	-0.0038989
5.832	0.10949	58.219	-3.6952	-0.0030517	0.0004721	-0.0038654
5.834	0.11162	57.368	-3.6558	-0.0029414	0.0004641	-0.003832
5.836	0.11244	56.492	-3.6129	-0.0028312	0.0004561	-0.0037985
5.838	0.11207	55.591	-3.5664	-0.002721	0.0004481	-0.0037651
5.84	0.11089	54.669	-3.52	-0.0026108	0.0004401	-0.0037316
5.842	0.10946	53.725	-3.4687	-0.0031398	0.0004242	-0.0035354
5.844	0.10834	52.764	-3.4175	-0.0036688	0.00040831	-0.0033391
5.846	0.108	51.786	-3.365	-0.0041978	0.00039241	-0.0031429
5.848	0.10865	50.795	-3.3115	-0.0047268	0.00037652	-0.0029466
5.85	0.11024	49.79	-3.2579	-0.0052558	0.00036062	-0.0027504
5.852	0.11242	48.777	-3.2041	-0.006357	0.00057021	-0.0025899
5.854	0.11466	47.754	-3.1502	-0.0074583	0.0007798	-0.0024295
5.856	0.11634	46.726	-3.0967	-0.0085596	0.00098939	-0.0022691
5.858	0.11691	45.692	-3.0435	-0.0096608	0.001199	-0.0021087
5.86	0.11603	44.656	-2.9904	-0.010762	0.0014086	-0.0019483
5.862	0.11359	43.616	-2.9376	-0.011738	0.0016403	-0.0020674
5.864	0.10981	42.575	-2.8849	-0.012714	0.001872	-0.0021865
5.866	0.10513	41.533	-2.832	-0.01369	0.0021038	-0.0023056
5.868	0.10015	40.491	-2.7788	-0.014666	0.0023355	-0.0024247
5.87	0.09549	39.448	-2.7256	-0.015642	0.0025672	-0.0025438
5.872	0.091654	38.405	-2.6711	-0.015916	0.0024858	-0.003082
5.874	0.088929	37.362	-2.6166	-0.016191	0.0024043	-0.0036201
5.876	0.087327	36.317	-2.5615	-0.016465	0.0023229	-0.0041582
5.878	0.086585	35.27	-2.5059	-0.01674	0.0022414	-0.0046963
5.88	0.086234	34.22	-2.4503	-0.017014	0.00216	-0.0052344
5.882	0.085695	33.165	-2.3957	-0.016652	0.0017769	-0.0059975
5.884	0.084407	32.104	-2.3411	-0.01629	0.0013938	-0.0067607
5.886	0.08195	31.036	-2.2891	-0.015927	0.0010107	-0.0075238
5.888	0.078121	29.957	-2.2398	-0.015565	0.00062765	-0.0082869
5.89	0.072977	28.868	-2.1905	-0.015203	0.00024456	-0.00905
5.892	0.066808	27.763	-2.1527	-0.01477	-8.4363e-05	-0.0095685
5.894	0.060077	26.644	-2.1149	-0.014338	-0.00041329	-0.010087
5.896	0.053304	25.506	-2.0863	-0.013905	-0.00074222	-0.010605
5.898	0.046957	24.348	-2.0667	-0.013473	-0.0010711	-0.011124
5.9	0.041346	23.167	-2.0472	-0.01304	-0.0014001	-0.011642
5.902	0.036556	21.961	-2.0518	-0.013023	-0.0013814	-0.011568
5.904	0.03243	20.728	-2.0563	-0.013005	-0.0013627	-0.011493
5.906	0.028593	19.467	-2.0745	-0.012987	-0.001344	-0.011418
5.908	0.024528	18.175	-2.1063	-0.012969	-0.0013253	-0.011344
5.91	0.019679	16.85	-2.1381	-0.012951	-0.0013066	-0.011269
5.912	0.013555	15.491	-2.1963	-0.013264	-0.00098991	-0.010646
5.914	0.005815	14.098	-2.2544	-0.013578	-0.00067318	-0.010023
5.916	-0.0036859	12.668	-2.3233	-0.013891	-0.00035644	-0.0094006
5.918	-0.014881	11.201	-2.4028	-0.014205	-3.9709e-05	-0.0087778
5.92	-0.027538	9.6964	-2.4823	-0.014518	0.00027702	-0.008155
5.922	-0.041335	8.154	-2.5746	-0.014632	0.00058419	-0.0072923
5.924	-0.055942	6.5738	-2.6669	-0.014745	0.00089135	-0.0064296
5.926	-0.071109	4.9558	-2.7604	-0.014859	0.0011985	-0.0055669
5.928	-0.086709	3.3011	-2.8551	-0.014973	0.0015057	-0.0047042
5.93	-0.10275	1.6098	-2.9498	-0.015086	0.0018128	-0.0038415
5.932	-0.11932	-0.11608	-3.0367	-0.014668	0.0018194	-0.0030281
5.934	-0.13651	-1.8764	-3.1237	-0.01425	0.0018259	-0.0022146
5.936	-0.15429	-3.668	-3.2028	-0.013831	0.0018325	-0.0014011
5.938	-0.17239	-5.4908	-3.274	-0.013413	0.001839	-0.00058768
5.94	-0.19021	-7.3409	-3.3452	-0.012994	0.0018456	0.00022578
5.942	-0.20683	-9.2181	-3.3961	-0.012319	0.0014678	0.00086194
5.944	-0.22103	-11.118	-3.447	-0.011643	0.0010901	0.0014981
5.946	-0.23142	-13.04	-3.4873	-0.010968	0.00071243	0.0021343
5.948	-0.23667	-14.979	-3.517	-0.010292	0.00033472	0.0027704
5.95	-0.23568	-16.936	-3.5468	-0.0096168	-4.2988e-05	0.0034066
5.952	-0.22787	-18.903	-3.5576	-0.0092139	-0.00068216	0.0038635
5.954	-0.21328	-20.883	-3.5684	-0.008811	-0.0013213	0.0043204
5.956	-0.19274	-22.869	-3.5717	-0.0084081	-0.0019605	0.0047773
5.958	-0.16775	-24.86	-3.5677	-0.0080052	-0.0025997	0.0052342
5.96	-0.14039	-26.852	-3.5636	-0.0076023	-0.0032389	0.0056911
5.962	-0.11301	-28.845	-3.5493	-0.0076077	-0.0038975	0.0059682
5.964	-0.087955	-30.834	-3.535	-0.0076131	-0.0045561	0.0062452
5.966	-0.067181	-32.817	-3.5177	-0.0076185	-0.0052147	0.0065223
5.968	-0.051999	-34.793	-3.4974	-0.0076239	-0.0058733	0.0067993
5.97	-0.042873	-36.759	-3.4771	-0.0076293	-0.006532	0.0070764
5.972	-0.039381	-38.713	-3.4542	-0.0076873	-0.0069242	0.0071006
5.974	-0.040312	-40.654	-3.4314	-0.0077453	-0.0073165	0.0071249
5.976	-0.043906	-42.58	-3.4086	-0.0078033	-0.0077088	0.0071492
5.978	-0.048181	-44.491	-3.3859	-0.0078613	-0.0081011	0.0071734
5.98	-0.051298	-46.385	-3.3633	-0.0079193	-0.0084934	0.0071977
5.982	-0.051879	-48.262	-3.3432	-0.0076894	-0.0084214	0.0069214
5.984	-0.04924	-50.121	-3.3232	-0.0074595	-0.0083495	0.0066452
5.986	-0.04347	-51.962	-3.3058	-0.0072297	-0.0082775	0.0063689
5.988	-0.035364	-53.786	-3.2909	-0.0069998	-0.0082056	0.0060926
5.99	-0.026218	-55.592	-3.276	-0.0067699	-0.0081336	0.0058164
5.992	-0.017533	-57.381	-3.269	-0.0063076	-0.007651	0.0053755
5.994	-0.010678	-59.154	-3.2619	-0.0058453	-0.0071684	0.0049347
5.996	-0.0066073	-60.912	-3.2599	-0.0053829	-0.0066857	0.0044939
5.998	-0.0056639	-62.655	-3.2629	-0.0049206	-0.0062031	0.0040531
6	-0.0075289	-64.387	-3.266	-0.0044583	-0.0057204	0.0036122
6.002	-0.011309	-66.107	-3.2808	-0.004041	-0.0050947	0.0032916
6.004	-0.015748	-67.818	-3.2956	-0.0036237	-0.004469	0.002971
6.006	-0.01951	-69.52	-3.3163	-0.0032064	-0.0038433	0.0026504
6.008	-0.021482	-71.218	-3.343	-0.0027892	-0.0032175	0.0023298
6.01	-0.02101	-72.911	-3.3697	-0.0023719	-0.0025918	0.0020092
6.012	-0.018031	-74.602	-3.407	-0.0021226	-0.0020608	0.0020001
6.014	-0.013074	-76.293	-3.4442	-0.0018734	-0.0015298	0.001991
6.016	-0.0071255	-77.986	-3.4853	-0.0016242	-0.00099875	0.001982
6.018	-0.0014037	-79.683	-3.5302	-0.0013749	-0.00046773	0.0019729
6.02	0.0029241	-81.387	-3.5752	-0.0011257	6.3298e-05	0.0019638
6.022	0.0049972	-83.097	-3.6242	-0.00092627	0.00040808	0.0021967
6.024	0.0044434	-84.818	-3.6732	-0.00072683	0.00075287	0.0024295
6.026	0.0014485	-86.55	-3.7223	-0.00052738	0.0010976	0.0026623
6.028	-0.0033053	-88.296	-3.7717	-0.00032794	0.0014424	0.0028952
6.03	-0.0088119	-90.056	-3.821	-0.00012849	0.0017872	0.003128
6.032	-0.013981	-91.833	-3.8676	0.00016403	0.0018935	0.0033675
6.034	-0.017889	-93.627	-3.9143	0.00045656	0.0019997	0.0036071
6.036	-0.019989	-95.441	-3.9585	0.00074909	0.002106	0.0038466
6.038	-0.020222	-97.274	-4.0005	0.0010416	0.0022122	0.0040861
6.04	-0.019007	-99.128	-4.0424	0.0013341	0.0023185	0.0043256
6.042	-0.017128	-101	-4.0789	0.0016949	0.0021426	0.004397
6.044	-0.015529	-102.9	-4.1154	0.0020558	0.0019667	0.0044683
6.046	-0.015082	-104.82	-4.1491	0.0024166	0.0017908	0.0045397
6.048	-0.01637	-106.77	-4.1802	0.0027774	0.0016149	0.0046111
6.05	-0.019554	-108.73	-4.2112	0.0031382	0.001439	0.0046825
6.052	-0.024343	-110.72	-4.2375	0.0034205	0.0010931	0.0045863
6.054	-0.030069	-112.74	-4.2637	0.0037027	0.00074722	0.0044901
6.056	-0.035858	-114.77	-4.2878	0.003985	0.00040134	0.0043939
6.058	-0.040854	-116.83	-4.3099	0.0042673	5.5469e-05	0.0042977
6.06	-0.044425	-118.92	-4.332	0.0045495	-0.0002904	0.0042015
6.062	-0.046326	-121.02	-4.3504	0.0046554	-0.00051557	0.0040376
6.064	-0.046757	-123.14	-4.3689	0.0047612	-0.00074073	0.0038738
6.066	-0.046311	-125.29	-4.3857	0.0048671	-0.0009659	0.0037099
6.068	-0.045837	-127.45	-4.4008	0.004973	-0.0011911	0.0035461
6.07	-0.046224	-129.64	-4.416	0.0050788	-0.0014162	0.0033822
6.072	-0.048187	-131.84	-4.4279	0.0050133	-0.001314	0.0032079
6.074	-0.05209	-134.05	-4.4398	0.0049478	-0.0012117	0.0030335
6.076	-0.05785	-136.28	-4.4502	0.0048823	-0.0011094	0.0028591
6.078	-0.064955	-138.53	-4.4589	0.0048168	-0.0010072	0.0026847
6.08	-0.072582	-140.78	-4.4677	0.0047513	-0.00090489	0.0025103
6.082	-0.079783	-143.05	-4.473	0.0045364	-0.00060577	0.0023038
6.084	-0.085718	-145.32	-4.4784	0.0043215	-0.00030664	0.0020974
6.086	-0.089844	-147.6	-4.482	0.0041066	-7.5182e-06	0.001891
6.088	-0.092043	-149.88	-4.4837	0.0038918	0.00029161	0.0016845
6.09	-0.092652	-152.17	-4.4854	0.0036769	0.00059073	0.0014781
6.092	-0.092379	-154.45	-4.4828	0.0033109	0.00071977	0.0012284
6.094	-0.092136	-156.74	-4.4803	0.0029448	0.0008488	0.00097862
6.096	-0.092827	-159.01	-4.4752	0.0025788	0.00097784	0.00072887
6.098	-0.095134	-161.28	-4.4675	0.0022128	0.0011069	0.00047912
6.1	-0.099362	-163.54	-4.4598	0.0018468	0.0012359	0.00022938
6.102	-0.10537	-165.78	-4.4459	0.0013731	0.00097369	-8.1671e-06
6.104	-0.11263	-168.01	-4.4321	0.00089946	0.00071147	-0.00024571
6.106	-0.12033	-170.22	-4.4146	0.00042581	0.00044925	-0.00048326
6.108	-0.12758	-172.39	-4.3935	-4.784e-05	0.00018703	-0.0007208
6.11	-0.13363	-174.54	-4.3724	-0.00052149	-7.5194e-05	-0.00095835
6.112	-0.13806	-176.66	-4.343	-0.00096363	-0.00055614	-0.0011359
6.114	-0.14084	-178.74	-4.3136	-0.0014058	-0.0010371	-0.0013134
6.116	-0.14236	-180.77	-4.2797	-0.0018479	-0.001518	-0.0014909
6.118	-0.14332	-182.76	-4.2413	-0.00229	-0.001999	-0.0016685
6.12	-0.14457	-184.7	-4.2029	-0.0027322	-0.0024799	-0.001846
6.122	-0.14689	-186.57	-4.1552	-0.0029795	-0.0027834	-0.0020019
6.124	-0.15082	-188.39	-4.1075	-0.0032269	-0.0030869	-0.0021577
6.126	-0.15652	-190.13	-4.0552	-0.0034742	-0.0033904	-0.0023136
6.128	-0.16374	-191.8	-3.9982	-0.0037216	-0.0036938	-0.0024694
6.13	-0.17188	-193.38	-3.9412	-0.0039689	-0.0039973	-0.0026253
6.132	-0.18009	-194.88	-3.8756	-0.0039636	-0.0039044	-0.0028158
6.134	-0.18752	-196.29	-3.81	-0.0039582	-0.0038115	-0.0030062
6.136	-0.19347	-197.59	-3.7406	-0.0039529	-0.0037186	-0.0031967
6.138	-0.19754	-198.79	-3.6675	-0.0039475	-0.0036257	-0.0033872
6.14	-0.19974	-199.87	-3.5943	-0.0039422	-0.0035328	-0.0035776
6.142	-0.20042	-200.84	-3.5153	-0.0037593	-0.0031781	-0.003758
6.144	-0.20025	-201.67	-3.4362	-0.0035763	-0.0028234	-0.0039384
6.146	-0.19998	-202.38	-3.3554	-0.0033934	-0.0024688	-0.0041188
6.148	-0.20032	-202.95	-3.2726	-0.0032105	-0.0021141	-0.0042992
6.15	-0.20176	-203.37	-3.1899	-0.0030276	-0.0017595	-0.0044796
6.152	-0.20448	-203.64	-3.1059	-0.0027601	-0.0014205	-0.0045351
6.154	-0.20828	-203.76	-3.0218	-0.0024926	-0.0010816	-0.0045907
6.156	-0.21269	-203.71	-2.9382	-0.0022251	-0.0007426	-0.0046462
6.158	-0.21706	-203.5	-2.855	-0.0019576	-0.00040365	-0.0047017
6.16	-0.22068	-203.12	-2.7718	-0.0016901	-6.4688e-05	-0.0047572
6.162	-0.22299	-202.56	-2.6909	-0.001365	0.00012398	-0.0046523
6.164	-0.22365	-201.83	-2.61	-0.0010399	0.00031265	-0.0045473
6.166	-0.22263	-200.91	-2.5304	-0.0007148	0.00050131	-0.0044424
6.168	-0.22014	-199.81	-2.452	-0.0003897	0.00068998	-0.0043374
6.17	-0.21664	-198.53	-2.3736	-6.4595e-05	0.00087865	-0.0042325
6.172	-0.21265	-197.06	-2.2968	0.00027129	0.00096876	-0.0040666
6.174	-0.20869	-195.4	-2.22	0.00060717	0.0010589	-0.0039007
6.176	-0.20512	-193.55	-2.1431	0.00094305	0.001149	-0.0037348
6.178	-0.20213	-191.51	-2.0662	0.0012789	0.0012391	-0.0035689
6.18	-0.19967	-189.29	-1.9892	0.0016148	0.0013292	-0.003403
6.182	-0.19755	-186.88	-1.9103	0.001796	0.001422	-0.0033085
6.184	-0.19547	-184.29	-1.8314	0.0019772	0.0015147	-0.003214
6.186	-0.19311	-181.52	-1.7513	0.0021585	0.0016075	-0.0031194
6.188	-0.19024	-178.57	-1.67	0.0023397	0.0017002	-0.0030249
6.19	-0.1867	-175.45	-1.5886	0.0025209	0.001793	-0.0029304
6.192	-0.18247	-172.17	-1.506	0.0023953	0.0019374	-0.0029398
6.194	-0.17764	-168.72	-1.4234	0.0022696	0.0020818	-0.0029492
6.196	-0.1723	-165.11	-1.3417	0.002144	0.0022262	-0.0029586
6.198	-0.16657	-161.36	-1.2609	0.0020184	0.0023706	-0.002968
6.2	-0.16048	-157.47	-1.1801	0.0018927	0.002515	-0.0029774
6.202	-0.15398	-153.43	-1.1055	0.0015873	0.0026903	-0.0029795
6.204	-0.14697	-149.28	-1.0308	0.0012819	0.0028656	-0.0029816
6.206	-0.13932	-145	-0.96125	0.0009765	0.003041	-0.0029837
6.208	-0.13092	-140.62	-0.89672	0.00067109	0.0032163	-0.0029859
6.21	-0.12177	-136.13	-0.8322	0.00036567	0.0033916	-0.002988
6.212	-0.11197	-131.55	-0.77991	0.00028646	0.0035181	-0.0028223
6.214	-0.10178	-126.89	-0.72761	0.00020726	0.0036446	-0.0026566
6.216	-0.091536	-122.16	-0.681	0.00012805	0.0037711	-0.002491
6.218	-0.081624	-117.35	-0.64005	4.8847e-05	0.0038975	-0.0023253
6.22	-0.072389	-112.5	-0.59911	-3.0359e-05	0.004024	-0.0021596
6.222	-0.064056	-107.6	-0.56567	0.00037923	0.0039956	-0.0018145
6.224	-0.056688	-102.66	-0.53222	0.00078883	0.0039672	-0.0014693
6.226	-0.050157	-97.691	-0.49972	0.0011984	0.0039387	-0.0011242
6.228	-0.044181	-92.707	-0.46817	0.001608	0.0039103	-0.00077899
6.23	-0.038386	-87.709	-0.43661	0.0020176	0.0038819	-0.00043384
6.232	-0.032395	-82.711	-0.40173	0.0026283	0.0036414	-0.00014424
6.234	-0.025918	-77.716	-0.36684	0.0032391	0.0034009	0.00014537
6.236	-0.018826	-72.737	-0.329	0.0038498	0.0031605	0.00043497
6.238	-0.011182	-67.775	-0.2882	0.0044605	0.00292	0.00072457
6.24	-0.0032347	-62.843	-0.2474	0.0050713	0.0026795	0.0010142
6.242	0.0046377	-57.941	-0.20216	0.0052411	0.0023068	0.00096017
6.244	0.012016	-53.082	-0.15691	0.0054108	0.0019341	0.00090617
6.246	0.018534	-48.265	-0.11214	0.0055806	0.0015614	0.00085216
6.248	0.023968	-43.5	-0.067857	0.0057504	0.0011887	0.00079816
6.25	0.028289	-38.788	-0.02357	0.0059202	0.00081594	0.00074416
6.252	0.031671	-34.136	0.012171	0.005363	0.00052683	0.00032969
6.254	0.034448	-29.545	0.047911	0.0048057	0.00023772	-8.4777e-05
6.256	0.037046	-25.02	0.075914	0.0042484	-5.1393e-05	-0.00049925
6.258	0.039882	-20.563	0.096179	0.0036912	-0.0003405	-0.00091371
6.26	0.043266	-16.178	0.11644	0.0031339	-0.00062962	-0.0013282
6.262	0.047339	-11.864	0.1178	0.0023233	-0.00066158	-0.0017852
6.264	0.052035	-7.6266	0.11915	0.0015126	-0.00069354	-0.0022423
6.266	0.057106	-3.464	0.11192	0.000702	-0.0007255	-0.0026994
6.268	0.062179	0.62092	0.096088	-0.00010863	-0.00075746	-0.0031564
6.27	0.066841	4.6283	0.080258	-0.00091926	-0.00078942	-0.0036135
6.272	0.070738	8.5569	0.05383	-0.0012008	-0.00065686	-0.0037505
6.274	0.073652	12.407	0.027402	-0.0014824	-0.00052431	-0.0038875
6.276	0.075549	16.177	0.00026212	-0.001764	-0.00039175	-0.0040245
6.278	0.076585	19.869	-0.027591	-0.0020456	-0.0002592	-0.0041615
6.28	0.077066	23.481	-0.055444	-0.0023272	-0.00012664	-0.0042986
6.282	0.077377	27.014	-0.076409	-0.0017949	-0.00013248	-0.0040122
6.284	0.077896	30.469	-0.097374	-0.0012627	-0.00013832	-0.0037259
6.286	0.078912	33.845	-0.11281	-0.00073049	-0.00014416	-0.0034395
6.288	0.080569	37.142	-0.1227	-0.00019826	-0.00014999	-0.0031532
6.29	0.08284	40.361	-0.1326	0.00033397	-0.00015583	-0.0028669
6.292	0.085548	43.502	-0.13313	0.0012346	-0.00043644	-0.0023248
6.294	0.088414	46.564	-0.13365	0.0021352	-0.00071705	-0.0017827
6.296	0.091129	49.549	-0.13297	0.0030358	-0.00099766	-0.0012407
6.298	0.093425	52.456	-0.13109	0.0039364	-0.0012783	-0.0006986
6.3	0.095137	55.285	-0.1292	0.004837	-0.0015589	-0.00015653
6.302	0.096234	58.035	-0.13431	0.0054413	-0.0018518	0.00041283
6.304	0.096813	60.707	-0.13943	0.0060455	-0.0021447	0.00098218
6.306	0.097065	63.299	-0.15197	0.0066498	-0.0024376	0.0015515
6.308	0.097224	65.812	-0.17196	0.007254	-0.0027305	0.0021209
6.31	0.097505	68.245	-0.19194	0.0078583	-0.0030234	0.0026902
6.312	0.09805	70.598	-0.22951	0.0078602	-0.0029456	0.0031589
6.314	0.0989	72.869	-0.26708	0.0078621	-0.0028678	0.0036275
6.316	0.099991	75.059	-0.31137	0.007864	-0.00279	0.0040962
6.318	0.10118	77.166	-0.36239	0.0078659	-0.0027123	0.0045648
6.32	0.10229	79.189	-0.41341	0.0078678	-0.0026345	0.0050335
6.322	0.10317	81.13	-0.46783	0.0074227	-0.0021518	0.0053374
6.324	0.10371	82.985	-0.52225	0.0069775	-0.001669	0.0056414
6.326	0.10391	84.756	-0.57206	0.0065324	-0.0011863	0.0059454
6.328	0.10384	86.441	-0.61727	0.0060873	-0.00070363	0.0062494
6.33	0.10363	88.041	-0.66247	0.0056422	-0.00022092	0.0065533
6.332	0.10344	89.555	-0.68781	0.0051045	0.00029858	0.0065785
6.334	0.10338	90.982	-0.71315	0.0045669	0.00081808	0.0066036
6.336	0.1035	92.324	-0.72621	0.0040292	0.0013376	0.0066288
6.338	0.10375	93.58	-0.72698	0.0034915	0.0018571	0.006654
6.34	0.10399	94.751	-0.72775	0.0029538	0.0023766	0.0066791
6.342	0.104	95.836	-0.70709	0.0025975	0.0025915	0.0063298
6.344	0.10356	96.839	-0.68643	0.0022412	0.0028064	0.0059805
6.346	0.10252	97.757	-0.66007	0.0018848	0.0030213	0.0056311
6.348	0.1008	98.594	-0.628	0.0015285	0.0032362	0.0052818
6.35	0.098463	99.351	-0.59593	0.0011722	0.0034511	0.0049325
6.352	0.095707	100.03	-0.56593	0.0010683	0.0033948	0.0043682
6.354	0.092833	100.63	-0.53592	0.00096433	0.0033385	0.0038039
6.356	0.090187	101.15	-0.51308	0.0008604	0.0032822	0.0032397
6.358	0.088093	101.61	-0.49741	0.00075647	0.0032259	0.0026754
6.36	0.086779	101.99	-0.48173	0.00065254	0.0031695	0.0021112
6.362	0.086323	102.3	-0.48736	0.00072583	0.0030766	0.0017501
6.364	0.086636	102.55	-0.49298	0.00079912	0.0029838	0.0013891
6.366	0.08747	102.73	-0.50904	0.00087241	0.0028909	0.0010281
6.368	0.088468	102.86	-0.53553	0.0009457	0.002798	0.00066703
6.37	0.089239	102.92	-0.56203	0.001019	0.0027051	0.000306
6.372	0.089439	102.94	-0.60219	0.0011863	0.0026094	0.00042166
6.374	0.088843	102.89	-0.64235	0.0013536	0.0025136	0.00053732
6.376	0.087396	102.8	-0.68386	0.001521	0.0024179	0.00065298
6.378	0.085226	102.67	-0.72673	0.0016883	0.0023222	0.00076864
6.38	0.08262	102.49	-0.7696	0.0018556	0.0022264	0.0008843
6.382	0.07996	102.27	-0.80459	0.0020746	0.0019459	0.0012652
6.384	0.07764	102.01	-0.83957	0.0022935	0.0016653	0.001646
6.386	0.075987	101.71	-0.86738	0.0025124	0.0013847	0.0020269
6.388	0.075188	101.38	-0.88801	0.0027314	0.0011041	0.0024077
6.39	0.075247	101.02	-0.90864	0.0029503	0.00082356	0.0027886
6.392	0.075986	100.63	-0.91449	0.0031586	0.00034985	0.0029502
6.394	0.077079	100.21	-0.92034	0.0033669	-0.00012386	0.0031119
6.396	0.078124	99.766	-0.92144	0.0035752	-0.00059758	0.0032736
6.398	0.078729	99.295	-0.91781	0.0037835	-0.0010713	0.0034352
6.4	0.078589	98.801	-0.91417	0.0039918	-0.001545	0.0035969
6.402	0.077556	98.283	-0.90964	0.0040932	-0.0018753	0.0033187
6.404	0.075667	97.743	-0.9051	0.0041945	-0.0022057	0.0030406
6.406	0.073137	97.181	-0.90437	0.0042959	-0.002536	0.0027624
6.408	0.070314	96.597	-0.90744	0.0043972	-0.0028663	0.0024843
6.41	0.067605	95.992	-0.91051	0.0044986	-0.0031966	0.0022062
6.412	0.06539	95.365	-0.92646	0.0044395	-0.0030527	0.0017542
6.414	0.063946	94.717	-0.94241	0.0043804	-0.0029089	0.0013023
6.416	0.063397	94.046	-0.96495	0.0043213	-0.002765	0.00085037
6.418	0.063683	93.353	-0.99409	0.0042622	-0.0026211	0.00039843
6.42	0.064586	92.636	-1.0232	0.0042031	-0.0024772	-5.3501e-05
6.422	0.065778	91.896	-1.0609	0.0040042	-0.001937	-0.00024156
6.424	0.066891	91.131	-1.0986	0.0038053	-0.0013968	-0.00042961
6.426	0.067599	90.341	-1.1367	0.0036064	-0.00085658	-0.00061766
6.428	0.067687	89.525	-1.1752	0.0034075	-0.00031638	-0.00080572
6.43	0.067089	88.682	-1.2136	0.0032086	0.00022382	-0.00099377
6.432	0.065897	87.812	-1.2443	0.00291	0.00074609	-0.00077623
6.434	0.064333	86.913	-1.275	0.0026114	0.0012684	-0.00055869
6.436	0.062696	85.986	-1.2985	0.0023128	0.0017906	-0.00034115
6.438	0.061284	85.03	-1.3148	0.0020142	0.0023129	-0.0001236
6.44	0.060325	84.044	-1.3311	0.0017156	0.0028351	9.394e-05
6.442	0.05992	83.03	-1.3301	0.0013646	0.0030194	0.00045511
6.444	0.06002	81.986	-1.329	0.0010137	0.0032037	0.00081628
6.446	0.060433	80.912	-1.3197	0.00066271	0.0033879	0.0011775
6.448	0.060866	79.811	-1.3023	0.00031176	0.0035722	0.0015386
6.45	0.060993	78.682	-1.2849	-3.9189e-05	0.0037564	0.0018998
6.452	0.060534	77.526	-1.2557	-0.00033892	0.0036541	0.0020893
6.454	0.059323	76.344	-1.2266	-0.00063866	0.0035518	0.0022787
6.456	0.057356	75.139	-1.1948	-0.00093839	0.0034496	0.0024682
6.458	0.054803	73.911	-1.1605	-0.0012381	0.0033473	0.0026576
6.46	0.051986	72.663	-1.1261	-0.0015379	0.003245	0.0028471
6.462	0.049319	71.396	-1.0936	-0.0016633	0.0031465	0.0028518
6.464	0.047228	70.114	-1.061	-0.0017887	0.0030479	0.0028564
6.466	0.046064	68.818	-1.032	-0.0019141	0.0029494	0.0028611
6.468	0.046028	67.514	-1.0068	-0.0020395	0.0028509	0.0028657
6.47	0.047123	66.2	-0.98153	-0.0021649	0.0027524	0.0028704
6.472	0.049145	64.884	-0.96671	-0.0020943	0.0028504	0.0028779
6.474	0.051717	63.566	-0.9519	-0.0020237	0.0029483	0.0028854
6.476	0.054349	62.252	-0.94234	-0.0019531	0.0030463	0.0028929
6.478	0.056531	60.943	-0.93804	-0.0018825	0.0031443	0.0029004
6.48	0.057827	59.646	-0.93373	-0.0018119	0.0032422	0.0029079
6.482	0.057949	58.361	-0.93708	-0.001655	0.0034617	0.0029311
6.484	0.056812	57.095	-0.94042	-0.001498	0.0036812	0.0029544
6.486	0.054543	55.849	-0.94506	-0.0013411	0.0039007	0.0029776
6.488	0.051456	54.629	-0.95099	-0.0011841	0.0041202	0.0030009
6.49	0.047987	53.437	-0.95692	-0.0010272	0.0043397	0.0030241
6.492	0.044609	52.277	-0.95945	-0.00093396	0.0044587	0.0028229
6.494	0.041754	51.152	-0.96197	-0.00084075	0.0045776	0.0026217
6.496	0.039732	50.067	-0.96009	-0.00074753	0.0046966	0.0024204
6.498	0.038688	49.022	-0.9538	-0.00065431	0.0048156	0.0022192
6.5	0.038591	48.023	-0.9475	-0.0005611	0.0049345	0.002018
6.502	0.039261	47.07	-0.92901	-0.00063679	0.0047928	0.0014464
6.504	0.040415	46.167	-0.91051	-0.00071249	0.004651	0.00087488
6.506	0.041735	45.315	-0.88571	-0.00078818	0.0045093	0.00030334
6.508	0.042931	44.516	-0.85461	-0.00086388	0.0043676	-0.0002682
6.51	0.043793	43.772	-0.8235	-0.00093958	0.0042258	-0.00083973
6.512	0.044216	43.084	-0.78243	-0.0011962	0.0038219	-0.0015339
6.514	0.044192	42.452	-0.74136	-0.0014529	0.0034179	-0.0022281
6.516	0.043787	41.877	-0.6977	-0.0017095	0.0030139	-0.0029223
6.518	0.043102	41.36	-0.65147	-0.0019662	0.0026099	-0.0036165
6.52	0.042221	40.899	-0.60523	-0.0022228	0.0022059	-0.0043107
6.522	0.041181	40.495	-0.55913	-0.0025511	0.0016821	-0.0046794
6.524	0.039957	40.146	-0.51303	-0.0028795	0.0011583	-0.0050482
6.526	0.038476	39.851	-0.46894	-0.0032078	0.00063455	-0.005417
6.528	0.036642	39.609	-0.42685	-0.0035361	0.00011076	-0.0057857
6.53	0.034386	39.418	-0.38477	-0.0038644	-0.00041303	-0.0061545
6.532	0.031705	39.275	-0.34774	-0.0041037	-0.00085029	-0.0060496
6.534	0.028696	39.18	-0.31072	-0.004343	-0.0012875	-0.0059448
6.536	0.025562	39.126	-0.27515	-0.0045824	-0.0017248	-0.0058399
6.538	0.022589	39.115	-0.24105	-0.0048217	-0.0021621	-0.0057351
6.54	0.020096	39.14	-0.20695	-0.005061	-0.0025993	-0.0056302
6.542	0.018374	39.201	-0.17148	-0.0051579	-0.0027996	-0.0053668
6.544	0.017618	39.291	-0.13601	-0.0052548	-0.0029999	-0.0051034
6.546	0.017875	39.41	-0.097682	-0.0053516	-0.0032001	-0.0048399
6.548	0.019017	39.55	-0.056498	-0.0054485	-0.0034004	-0.0045765
6.55	0.020757	39.713	-0.015314	-0.0055454	-0.0036007	-0.004313
6.552	0.022695	39.889	0.033559	-0.0055978	-0.0035468	-0.0042581
6.554	0.024402	40.079	0.082431	-0.0056503	-0.0034928	-0.0042032
6.556	0.025503	40.276	0.13407	-0.0057027	-0.0034389	-0.0041483
6.558	0.025759	40.479	0.18847	-0.0057551	-0.003385	-0.0040933
6.56	0.025131	40.681	0.24287	-0.0058076	-0.0033311	-0.0040384
6.562	0.023797	40.882	0.29622	-0.0058996	-0.0031235	-0.0041749
6.564	0.022117	41.075	0.34957	-0.0059917	-0.0029159	-0.0043114
6.566	0.020569	41.26	0.39769	-0.0060837	-0.0027083	-0.004448
6.568	0.019651	41.429	0.44057	-0.0061758	-0.0025007	-0.0045845
6.57	0.019776	41.584	0.48346	-0.0062679	-0.0022931	-0.004721
6.572	0.02118	41.719	0.5066	-0.0062914	-0.0020814	-0.0047377
6.574	0.023866	41.833	0.52975	-0.006315	-0.0018698	-0.0047543
6.576	0.027601	41.921	0.54023	-0.0063386	-0.0016581	-0.004771
6.578	0.031949	41.984	0.53803	-0.0063621	-0.0014464	-0.0047877
6.58	0.036361	42.017	0.53583	-0.0063857	-0.0012347	-0.0048043
6.582	0.040281	42.021	0.50902	-0.0061089	-0.0011265	-0.0045204
6.584	0.043252	41.992	0.48222	-0.005832	-0.0010183	-0.0042364
6.586	0.045013	41.93	0.44708	-0.0055551	-0.00091007	-0.0039525
6.588	0.045543	41.833	0.40361	-0.0052783	-0.00080184	-0.0036685
6.59	0.045066	41.702	0.36014	-0.0050014	-0.00069362	-0.0033845
6.592	0.043994	41.534	0.31365	-0.0043756	-0.00066641	-0.0029548
6.594	0.042848	41.331	0.26716	-0.0037498	-0.0006392	-0.002525
6.596	0.042151	41.091	0.22711	-0.0031241	-0.00061199	-0.0020953
6.598	0.04232	40.815	0.19351	-0.0024983	-0.00058478	-0.0016655
6.6	0.043591	40.503	0.1599	-0.0018725	-0.00055757	-0.0012358
6.602	0.045977	40.155	0.15293	-0.0011987	-0.00047819	-0.00096088
6.604	0.049274	39.773	0.14596	-0.00052495	-0.00039882	-0.00068598
6.606	0.053115	39.356	0.15619	0.00014883	-0.00031944	-0.00041107
6.608	0.057039	38.906	0.18362	0.00082262	-0.00024007	-0.00013616
6.61	0.060592	38.423	0.21105	0.0014964	-0.00016069	0.00013875
6.612	0.063405	37.909	0.27251	0.001863	1.9207e-05	0.00012735
6.614	0.065259	37.365	0.33398	0.0022295	0.00019911	0.00011595
6.616	0.066104	36.791	0.40838	0.0025961	0.00037901	0.00010456
6.618	0.066056	36.19	0.4957	0.0029626	0.00055891	9.3159e-05
6.62	0.065348	35.562	0.58303	0.0033292	0.0007388	8.1761e-05
6.622	0.064272	34.909	0.68276	0.0033752	0.00081631	-4.2989e-05
6.624	0.063113	34.231	0.78249	0.0034211	0.00089381	-0.00016774
6.626	0.062092	33.531	0.88095	0.0034671	0.00097131	-0.00029249
6.628	0.061334	32.808	0.97814	0.003513	0.0010488	-0.00041724
6.63	0.060858	32.065	1.0753	0.003559	0.0011263	-0.00054199
6.632	0.060597	31.302	1.1574	0.0034856	0.00083111	-0.00046065
6.634	0.060426	30.519	1.2395	0.0034123	0.0005359	-0.00037931
6.636	0.06021	29.719	1.3102	0.0033389	0.00024069	-0.00029797
6.638	0.059838	28.901	1.3696	0.0032656	-5.4518e-05	-0.00021662
6.64	0.059247	28.067	1.4289	0.0031922	-0.00034973	-0.00013528
6.642	0.058434	27.216	1.4635	0.0030085	-0.00095869	0.00027649
6.644	0.057448	26.349	1.4981	0.0028249	-0.0015677	0.00068827
6.646	0.056364	25.466	1.5215	0.0026412	-0.0021766	0.0011
6.648	0.055264	24.568	1.5337	0.0024575	-0.0027856	0.0015118
6.65	0.054208	23.654	1.5459	0.0022738	-0.0033945	0.0019236
6.652	0.053216	22.725	1.54	0.0019289	-0.0038801	0.002404
6.654	0.05227	21.781	1.5342	0.001584	-0.0043657	0.0028844
6.656	0.051314	20.821	1.5214	0.0012391	-0.0048513	0.0033648
6.658	0.050277	19.845	1.5015	0.00089424	-0.0053369	0.0038451
6.66	0.04908	18.852	1.4815	0.00054935	-0.0058224	0.0043255
6.662	0.047665	17.843	1.4494	0.0004151	-0.0057993	0.0044544
6.664	0.046001	16.817	1.4172	0.00028085	-0.0057761	0.0045832
6.666	0.044088	15.773	1.3787	0.0001466	-0.0057529	0.0047121
6.668	0.04195	14.712	1.3338	1.2345e-05	-0.0057298	0.0048409
6.67	0.039625	13.633	1.2889	-0.00012191	-0.0057066	0.0049698
6.672	0.037156	12.534	1.2298	0.00050604	-0.0052158	0.0045978
6.674	0.034573	11.417	1.1707	0.001134	-0.0047251	0.0042259
6.676	0.031876	10.281	1.1041	0.0017619	-0.0042343	0.003854
6.678	0.02904	9.1252	1.03	0.0023899	-0.0037435	0.003482
6.68	0.025996	7.9496	0.95596	0.0030178	-0.0032528	0.0031101
6.682	0.022633	6.7543	0.86882	0.0042562	-0.0026828	0.0024878
6.684	0.018791	5.5393	0.78167	0.0054947	-0.0021129	0.0018656
6.686	0.014262	4.3045	0.69063	0.0067331	-0.001543	0.0012433
6.688	0.0087943	3.0504	0.5957	0.0079715	-0.00097304	0.00062101
6.69	0.0020984	1.7769	0.50077	0.0092099	-0.00040311	-1.2627e-06
6.692	-0.0061241	0.48497	0.40621	0.010104	-0.00013747	-0.00050371
6.694	-0.016149	-0.82547	0.31164	0.010998	0.00012817	-0.0010062
6.696	-0.028178	-2.1531	0.22189	0.011892	0.00039381	-0.0015086
6.698	-0.042287	-3.4979	0.13695	0.012785	0.00065945	-0.002011
6.7	-0.058367	-4.8582	0.052004	0.013679	0.00092509	-0.0025135
6.702	-0.076083	-6.2339	-0.015361	0.013486	0.00078926	-0.0027065
6.704	-0.094848	-7.6229	-0.082727	0.013293	0.00065343	-0.0028994
6.706	-0.11384	-9.0252	-0.13906	0.0131	0.0005176	-0.0030924
6.708	-0.13203	-10.438	-0.18437	0.012907	0.00038177	-0.0032854
6.71	-0.14832	-11.862	-0.22968	0.012714	0.00024594	-0.0034784
6.712	-0.16157	-13.294	-0.25315	0.011625	-5.2172e-05	-0.0033758
6.714	-0.1708	-14.735	-0.27663	0.010537	-0.00035028	-0.0032733
6.716	-0.17528	-16.18	-0.29157	0.009448	-0.00064839	-0.0031707
6.718	-0.17462	-17.631	-0.29798	0.0083594	-0.0009465	-0.0030682
6.72	-0.16881	-19.084	-0.30438	0.0072707	-0.0012446	-0.0029657
6.722	-0.15826	-20.54	-0.30164	0.0060279	-0.0013299	-0.0026484
6.724	-0.14375	-21.995	-0.29889	0.0047851	-0.0014151	-0.0023311
6.726	-0.1263	-23.451	-0.29598	0.0035422	-0.0015003	-0.0020139
6.728	-0.10708	-24.903	-0.29292	0.0022994	-0.0015856	-0.0016966
6.73	-0.087255	-26.353	-0.28985	0.0010565	-0.0016708	-0.0013794
6.732	-0.067904	-27.798	-0.294	0.00027076	-0.0013552	-0.00095225
6.734	-0.049884	-29.238	-0.29815	-0.00051499	-0.0010395	-0.00052514
6.736	-0.033798	-30.672	-0.3082	-0.0013007	-0.00072382	-9.8024e-05
6.738	-0.019975	-32.099	-0.32416	-0.0020865	-0.00040815	0.00032909
6.74	-0.0084963	-33.519	-0.34012	-0.0028722	-9.2478e-05	0.0007562
6.742	0.00074796	-34.931	-0.36899	-0.0029478	0.00045773	0.0010763
6.744	0.0079984	-36.335	-0.39785	-0.0030233	0.0010079	0.0013964
6.746	0.01356	-37.732	-0.43218	-0.0030988	0.0015581	0.0017165
6.748	0.017746	-39.12	-0.47198	-0.0031743	0.0021083	0.0020366
6.75	0.020849	-40.501	-0.51179	-0.0032498	0.0026585	0.0023567
6.752	0.023121	-41.875	-0.55871	-0.00271	0.0030715	0.0022632
6.754	0.024776	-43.242	-0.60563	-0.0021702	0.0034844	0.0021697
6.756	0.025994	-44.603	-0.65396	-0.0016304	0.0038974	0.0020761
6.758	0.026936	-45.959	-0.70368	-0.0010906	0.0043103	0.0019826
6.76	0.027742	-47.312	-0.75341	-0.00055084	0.0047232	0.001889
6.762	0.028535	-48.661	-0.80223	0.00018542	0.0047183	0.0012985
6.764	0.02941	-50.009	-0.85105	0.00092168	0.0047133	0.00070804
6.766	0.030418	-51.357	-0.89812	0.0016579	0.0047084	0.00011753
6.768	0.031567	-52.706	-0.94345	0.0023942	0.0047034	-0.00047297
6.77	0.032817	-54.058	-0.98879	0.0031305	0.0046985	-0.0010635
6.772	0.034088	-55.414	-1.0291	0.0035604	0.0042517	-0.0017395
6.774	0.035283	-56.776	-1.0695	0.0039903	0.0038049	-0.0024156
6.776	0.036304	-58.146	-1.107	0.0044202	0.0033581	-0.0030916
6.778	0.037083	-59.525	-1.1415	0.0048501	0.0029113	-0.0037677
6.78	0.037593	-60.915	-1.1761	0.00528	0.0024645	-0.0044437
6.782	0.037856	-62.317	-1.2045	0.0052167	0.0017854	-0.0046109
6.784	0.037929	-63.733	-1.2329	0.0051534	0.0011064	-0.004778
6.786	0.037892	-65.165	-1.2581	0.0050901	0.00042736	-0.0049452
6.788	0.037817	-66.613	-1.2801	0.0050268	-0.00025168	-0.0051123
6.79	0.037748	-68.08	-1.3021	0.0049635	-0.00093072	-0.0052794
6.792	0.03768	-69.567	-1.3178	0.0046497	-0.0015021	-0.0048462
6.794	0.037561	-71.073	-1.3335	0.0043359	-0.0020734	-0.0044129
6.796	0.037302	-72.602	-1.3464	0.0040221	-0.0026447	-0.0039796
6.798	0.036803	-74.153	-1.3566	0.0037083	-0.0032161	-0.0035463
6.8	0.035977	-75.727	-1.3668	0.0033944	-0.0037874	-0.003113
6.802	0.034784	-77.325	-1.373	0.0032087	-0.0039453	-0.0026306
6.804	0.033245	-78.947	-1.3792	0.003023	-0.0041031	-0.0021483
6.806	0.031445	-80.594	-1.3845	0.0028373	-0.004261	-0.0016659
6.808	0.029514	-82.265	-1.3889	0.0026516	-0.0044189	-0.0011836
6.81	0.027602	-83.961	-1.3933	0.0024659	-0.0045767	-0.00070122
6.812	0.025834	-85.682	-1.398	0.0025825	-0.0042692	-0.00068252
6.814	0.024284	-87.428	-1.4027	0.002699	-0.0039617	-0.00066383
6.816	0.022948	-89.197	-1.4082	0.0028155	-0.0036542	-0.00064514
6.818	0.021739	-90.99	-1.4145	0.002932	-0.0033467	-0.00062645
6.82	0.020504	-92.807	-1.4208	0.0030486	-0.0030392	-0.00060776
6.822	0.019058	-94.646	-1.4283	0.0033057	-0.0025393	-0.00092079
6.824	0.017226	-96.506	-1.4358	0.0035629	-0.0020393	-0.0012338
6.826	0.01489	-98.388	-1.4429	0.00382	-0.0015394	-0.0015469
6.828	0.012011	-100.29	-1.4495	0.0040772	-0.0010395	-0.0018599
6.83	0.0086482	-102.21	-1.456	0.0043343	-0.00053955	-0.0021729
6.832	0.0049432	-104.15	-1.4583	0.0043195	-0.00021586	-0.0022901
6.834	0.0010896	-106.11	-1.4606	0.0043047	0.00010782	-0.0024073
6.836	-0.0027137	-108.08	-1.459	0.0042899	0.00043151	-0.0025245
6.838	-0.006309	-110.07	-1.4535	0.0042751	0.0007552	-0.0026417
6.84	-0.0096169	-112.07	-1.4481	0.0042603	0.0010789	-0.0027589
6.842	-0.012655	-114.09	-1.4329	0.0036246	0.0010558	-0.0024435
6.844	-0.015535	-116.11	-1.4178	0.0029888	0.0010326	-0.0021282
6.846	-0.018429	-118.15	-1.3983	0.002353	0.0010095	-0.0018128
6.848	-0.021531	-120.2	-1.3742	0.0017172	0.0009864	-0.0014974
6.85	-0.02501	-122.26	-1.3502	0.0010815	0.00096327	-0.001182
6.852	-0.028966	-124.33	-1.3213	-7.4924e-05	0.00067795	-0.00070313
6.854	-0.033413	-126.4	-1.2923	-0.0012313	0.00039264	-0.00022424
6.856	-0.038272	-128.48	-1.264	-0.0023877	0.00010732	0.00025464
6.858	-0.043405	-130.56	-1.2364	-0.0035441	-0.000178	0.00073352
6.86	-0.048649	-132.65	-1.2087	-0.0047004	-0.00046332	0.0012124
6.862	-0.053863	-134.73	-1.1897	-0.0058174	-0.00078561	0.0014989
6.864	-0.058968	-136.82	-1.1706	-0.0069345	-0.0011079	0.0017853
6.866	-0.063965	-138.91	-1.1587	-0.0080515	-0.0014302	0.0020718
6.868	-0.06894	-141	-1.1539	-0.0091685	-0.0017525	0.0023583
6.87	-0.074029	-143.08	-1.1491	-0.010285	-0.0020747	0.0026447
6.872	-0.079381	-145.16	-1.1611	-0.010835	-0.0021792	0.0027088
6.874	-0.085107	-147.23	-1.1731	-0.011385	-0.0022836	0.0027729
6.876	-0.09124	-149.29	-1.1924	-0.011935	-0.0023881	0.002837
6.878	-0.097712	-151.34	-1.2191	-0.012484	-0.0024925	0.002901
6.88	-0.10436	-153.37	-1.2458	-0.013034	-0.002597	0.0029651
6.882	-0.11096	-155.39	-1.2809	-0.012976	-0.0023586	0.0030191
6.884	-0.11727	-157.38	-1.316	-0.012919	-0.0021203	0.003073
6.886	-0.12311	-159.36	-1.3506	-0.012861	-0.0018819	0.003127
6.888	-0.12838	-161.31	-1.3848	-0.012803	-0.0016435	0.003181
6.89	-0.13311	-163.22	-1.419	-0.012746	-0.0014051	0.0032349
6.892	-0.13749	-165.11	-1.4422	-0.012453	-0.0010249	0.0033988
6.894	-0.14177	-166.95	-1.4654	-0.01216	-0.00064468	0.0035626
6.896	-0.14626	-168.75	-1.4789	-0.011866	-0.00026445	0.0037265
6.898	-0.1512	-170.5	-1.4825	-0.011573	0.00011579	0.0038903
6.9	-0.15676	-172.2	-1.4862	-0.01128	0.00049602	0.0040542
6.902	-0.16293	-173.84	-1.465	-0.011108	0.00056088	0.0042614
6.904	-0.16952	-175.42	-1.4437	-0.010936	0.00062574	0.0044686
6.906	-0.17621	-176.92	-1.4094	-0.010765	0.0006906	0.0046758
6.908	-0.18257	-178.35	-1.3619	-0.010593	0.00075547	0.004883
6.91	-0.18817	-179.7	-1.3144	-0.010421	0.00082033	0.0050902
6.912	-0.19268	-180.96	-1.243	-0.010412	0.00029687	0.0052334
6.914	-0.19592	-182.12	-1.1717	-0.010404	-0.0002266	0.0053766
6.916	-0.19789	-183.18	-1.091	-0.010395	-0.00075006	0.0055199
6.918	-0.19884	-184.13	-1.001	-0.010387	-0.0012735	0.0056631
6.92	-0.19915	-184.96	-0.91091	-0.010378	-0.001797	0.0058063
6.922	-0.1993	-185.67	-0.8086	-0.010281	-0.0026524	0.0057902
6.924	-0.19974	-186.25	-0.70628	-0.010183	-0.0035078	0.005774
6.926	-0.20083	-186.69	-0.60107	-0.010086	-0.0043632	0.0057578
6.928	-0.20272	-186.99	-0.49296	-0.0099882	-0.0052187	0.0057417
6.93	-0.20538	-187.14	-0.38485	-0.0098907	-0.0060741	0.0057255
6.932	-0.20854	-187.14	-0.27655	-0.0094006	-0.0066773	0.0054269
6.934	-0.21179	-186.97	-0.16825	-0.0089105	-0.0072806	0.0051282
6.936	-0.21468	-186.64	-0.062006	-0.0084205	-0.0078839	0.0048296
6.938	-0.21674	-186.13	0.04218	-0.0079304	-0.0084871	0.0045309
6.94	-0.21769	-185.45	0.14637	-0.0074403	-0.0090904	0.0042322
6.942	-0.21737	-184.59	0.24349	-0.0065134	-0.0090356	0.003629
6.944	-0.21585	-183.54	0.34061	-0.0055865	-0.0089809	0.0030258
6.946	-0.21337	-182.3	0.43333	-0.0046596	-0.0089261	0.0024225
6.948	-0.21028	-180.87	0.52164	-0.0037327	-0.0088713	0.0018193
6.95	-0.20695	-179.25	0.60995	-0.0028058	-0.0088165	0.001216
6.952	-0.20367	-177.43	0.68871	-0.0018081	-0.008124	0.00057208
6.954	-0.20061	-175.42	0.76747	-0.00081033	-0.0074314	-7.1852e-05
6.956	-0.19777	-173.21	0.84147	0.00018739	-0.0067389	-0.00071579
6.958	-0.19498	-170.81	0.91073	0.0011851	-0.0060464	-0.0013597
6.96	-0.19194	-168.21	0.97998	0.0021828	-0.0053538	-0.0020037
6.962	-0.18832	-165.42	1.0404	0.0027011	-0.0043464	-0.0022902
6.964	-0.18383	-162.44	1.1007	0.0032193	-0.0033389	-0.0025768
6.966	-0.17833	-159.28	1.1571	0.0037376	-0.0023314	-0.0028633
6.968	-0.17182	-155.93	1.2095	0.0042558	-0.0013239	-0.0031499
6.97	-0.16451	-152.41	1.2619	0.0047741	-0.00031647	-0.0034365
6.972	-0.15678	-148.72	1.3072	0.0045511	0.00059248	-0.0032536
6.974	-0.14905	-144.85	1.3524	0.004328	0.0015014	-0.0030708
6.976	-0.14179	-140.84	1.3943	0.004105	0.0024104	-0.0028879
6.978	-0.13531	-136.66	1.4329	0.003882	0.0033193	-0.0027051
6.98	-0.12978	-132.35	1.4714	0.003659	0.0042283	-0.0025223
6.982	-0.12512	-127.89	1.5031	0.0029751	0.0047001	-0.0021617
6.984	-0.12103	-123.32	1.5349	0.0022913	0.005172	-0.0018012
6.986	-0.11705	-118.62	1.5629	0.0016074	0.0056438	-0.0014406
6.988	-0.11263	-113.81	1.5873	0.00092355	0.0061157	-0.00108
6.99	-0.10726	-108.91	1.6117	0.0002397	0.0065875	-0.00071949
6.992	-0.10057	-103.91	1.6281	-0.00030708	0.0065275	-0.00047511
6.994	-0.092409	-98.838	1.6446	-0.00085385	0.0064674	-0.00023072
6.996	-0.08288	-93.698	1.657	-0.0014006	0.0064073	1.3668e-05
6.998	-0.07235	-88.494	1.6653	-0.0019474	0.0063472	0.00025806
7	-0.061382	-83.248	1.6737	-0.0024942	0.0062871	0.00050244
7.002	-0.050637	-77.958	1.6747	-0.0024885	0.0059273	0.0007053
7.004	-0.040756	-72.647	1.6757	-0.0024829	0.0055674	0.00090816
7.006	-0.032242	-67.313	1.6739	-0.0024773	0.0052076	0.001111
7.008	-0.025374	-61.978	1.6693	-0.0024717	0.0048477	0.0013139
7.01	-0.020161	-56.64	1.6647	-0.002466	0.0044879	0.0015167
7.012	-0.016342	-51.319	1.657	-0.0020371	0.0042322	0.0019185
7.014	-0.013443	-46.014	1.6492	-0.0016081	0.0039764	0.0023203
7.016	-0.010878	-40.745	1.6412	-0.0011792	0.0037207	0.002722
7.018	-0.0080515	-35.509	1.6329	-0.0007502	0.0034649	0.0031238
7.02	-0.0044808	-30.325	1.6246	-0.00032123	0.0032092	0.0035256
7.022	0.00011674	-25.19	1.6178	-5.9564e-06	0.0033269	0.004069
7.024	0.0057788	-20.121	1.611	0.00030932	0.0034447	0.0046124
7.026	0.012302	-15.116	1.6055	0.0006246	0.0035624	0.0051558
7.028	0.019289	-10.188	1.6014	0.00093988	0.0036802	0.0056992
7.03	0.026238	-5.3374	1.5972	0.0012552	0.0037979	0.0062426
7.032	0.032643	-0.57369	1.5959	0.0011239	0.0042142	0.0065555
7.034	0.038101	4.1029	1.5945	0.00099263	0.0046304	0.0068683
7.036	0.04238	8.6844	1.5944	0.00086137	0.0050467	0.0071812
7.038	0.045464	13.171	1.5955	0.00073011	0.0054629	0.0074941
7.04	0.047538	17.556	1.5967	0.00059884	0.0058792	0.0078069
7.042	0.048941	21.84	1.6002	0.00032717	0.0062031	0.0076239
7.044	0.050079	26.019	1.6038	5.5494e-05	0.0065271	0.0074409
7.046	0.051333	30.093	1.6088	-0.00021618	0.006851	0.0072579
7.048	0.052981	34.059	1.6155	-0.00048786	0.007175	0.0070749
7.05	0.055137	37.919	1.6221	-0.00075953	0.0074989	0.0068919
7.052	0.05773	41.67	1.6334	-0.00060902	0.0073151	0.0062664
7.054	0.060541	45.313	1.6447	-0.00045851	0.0071313	0.0056409
7.056	0.063258	48.85	1.6593	-0.00030799	0.0069475	0.0050154
7.058	0.065562	52.279	1.6772	-0.00015748	0.0067637	0.00439
7.06	0.067211	55.603	1.6951	-6.9659e-06	0.0065799	0.0037645
7.062	0.06811	58.822	1.721	0.00059281	0.005855	0.0028724
7.064	0.068339	61.94	1.7468	0.0011926	0.0051302	0.0019803
7.066	0.068141	64.955	1.7763	0.0017924	0.0044053	0.0010883
7.068	0.067875	67.872	1.8096	0.0023921	0.0036804	0.00019618
7.07	0.067925	70.69	1.8428	0.0029919	0.0029555	-0.00069589
7.072	0.068611	73.414	1.8805	0.0034437	0.0021456	-0.001704
7.074	0.070101	76.044	1.9181	0.0038955	0.0013358	-0.0027121
7.076	0.072366	78.583	1.955	0.0043473	0.00052589	-0.0037202
7.078	0.075164	81.033	1.9913	0.0047991	-0.00028398	-0.0047283
7.08	0.078089	83.396	2.0277	0.0052509	-0.0010938	-0.0057364
7.082	0.080652	85.674	2.0554	0.0051529	-0.0014738	-0.006611
7.084	0.082392	87.87	2.0831	0.0050549	-0.0018537	-0.0074856
7.086	0.082982	89.985	2.1028	0.0049569	-0.0022336	-0.0083602
7.088	0.082325	92.021	2.1145	0.0048589	-0.0026135	-0.0092349
7.09	0.080585	93.98	2.1262	0.0047609	-0.0029934	-0.010109
7.092	0.07818	95.863	2.1163	0.0044666	-0.0028732	-0.010457
7.094	0.075705	97.673	2.1064	0.0041723	-0.0027531	-0.010804
7.096	0.073824	99.41	2.0844	0.003878	-0.002633	-0.011151
7.098	0.073124	101.08	2.0504	0.0035837	-0.0025129	-0.011499
7.1	0.073992	102.67	2.0164	0.0032894	-0.0023927	-0.011846
7.102	0.076518	104.2	1.9599	0.0033404	-0.0020871	-0.011423
7.104	0.08046	105.66	1.9034	0.0033914	-0.0017815	-0.011
7.106	0.085274	107.05	1.8381	0.0034425	-0.0014759	-0.010577
7.108	0.090205	108.37	1.764	0.0034935	-0.0011703	-0.010154
7.11	0.094427	109.63	1.6899	0.0035446	-0.00086466	-0.0097314
7.112	0.097202	110.82	1.6058	0.003806	-0.00060842	-0.0087685
7.114	0.098028	111.94	1.5217	0.0040675	-0.00035218	-0.0078056
7.116	0.096734	113	1.4366	0.0043289	-9.594e-05	-0.0068427
7.118	0.093519	114	1.3506	0.0045904	0.0001603	-0.0058798
7.12	0.088922	114.92	1.2646	0.0048518	0.00041654	-0.0049169
7.122	0.083712	115.78	1.1841	0.0046721	0.00063049	-0.0039944
7.124	0.078745	116.58	1.1035	0.0044924	0.00084443	-0.0030719
7.126	0.074806	117.3	1.0286	0.0043126	0.0010584	-0.0021493
7.128	0.072457	117.96	0.95913	0.0041329	0.0012723	-0.0012268
7.13	0.071944	118.55	0.88969	0.0039532	0.0014863	-0.00030428
7.132	0.073159	119.07	0.83456	0.0031139	0.0016367	0.00016317
7.134	0.075683	119.53	0.77943	0.0022745	0.001787	0.00063062
7.136	0.078879	119.91	0.73201	0.0014352	0.0019374	0.0010981
7.138	0.082026	120.23	0.69228	0.00059586	0.0020878	0.0015655
7.14	0.084469	120.47	0.65256	-0.00024347	0.0022382	0.002033
7.142	0.085734	120.65	0.6276	-0.0011879	0.0021319	0.0021374
7.144	0.085614	120.75	0.60263	-0.0021324	0.0020256	0.0022418
7.146	0.084178	120.79	0.58409	-0.0030768	0.0019193	0.0023462
7.148	0.081732	120.75	0.57197	-0.0040212	0.001813	0.0024507
7.15	0.078732	120.64	0.55985	-0.0049657	0.0017067	0.0025551
7.152	0.075668	120.47	0.55763	-0.0053669	0.0012268	0.0026755
7.154	0.072961	120.22	0.55542	-0.0057681	0.00074694	0.002796
7.156	0.070878	119.91	0.55623	-0.0061693	0.00026706	0.0029164
7.158	0.069494	119.52	0.56007	-0.0065705	-0.00021282	0.0030368
7.16	0.068712	119.07	0.56391	-0.0069717	-0.0006927	0.0031573
7.162	0.06831	118.55	0.56911	-0.0067521	-0.0013316	0.0034535
7.164	0.068027	117.96	0.57431	-0.0065324	-0.0019706	0.0037498
7.166	0.067644	117.31	0.57754	-0.0063127	-0.0026095	0.004046
7.168	0.067047	116.6	0.5788	-0.0060931	-0.0032485	0.0043423
7.17	0.066253	115.82	0.58007	-0.0058734	-0.0038874	0.0046385
7.172	0.065397	114.99	0.57208	-0.0053917	-0.0042451	0.0048732
7.174	0.064678	114.09	0.5641	-0.00491	-0.0046027	0.005108
7.176	0.06429	113.15	0.5493	-0.0044282	-0.0049603	0.0053427
7.178	0.064343	112.14	0.52767	-0.0039465	-0.005318	0.0055774
7.18	0.064812	111.09	0.50605	-0.0034648	-0.0056756	0.0058122
7.182	0.065525	109.98	0.46839	-0.0030153	-0.0054525	0.005707
7.184	0.066193	108.83	0.43073	-0.0025657	-0.0052293	0.0056019
7.186	0.066471	107.64	0.38532	-0.0021162	-0.0050062	0.0054967
7.188	0.066053	106.41	0.33216	-0.0016667	-0.004783	0.0053916
7.19	0.064758	105.13	0.279	-0.0012171	-0.0045599	0.0052864
7.192	0.062602	103.83	0.21426	-0.00086652	-0.0038668	0.0049128
7.194	0.059812	102.49	0.14951	-0.0005159	-0.0031737	0.0045391
7.196	0.056797	101.13	0.08246	-0.00016529	-0.0024807	0.0041655
7.198	0.054074	99.74	0.013103	0.00018532	-0.0017876	0.0037918
7.2	0.052154	98.332	-0.056255	0.00053593	-0.0010945	0.0034181
7.202	0.051423	96.905	-0.12127	0.00079672	-0.00037028	0.0030665
7.204	0.05205	95.466	-0.18628	0.0010575	0.00035395	0.0027149
7.206	0.053935	94.016	-0.24451	0.0013183	0.0010782	0.0023632
7.208	0.05672	92.56	-0.29595	0.0015791	0.0018024	0.0020116
7.21	0.059854	91.099	-0.34739	0.0018399	0.0025266	0.00166
7.212	0.062712	89.639	-0.37772	0.0020219	0.0028671	0.0014029
7.214	0.064724	88.181	-0.40805	0.002204	0.0032075	0.0011458
7.216	0.065506	86.731	-0.42576	0.0023861	0.0035479	0.00088863
7.218	0.064938	85.289	-0.43084	0.0025682	0.0038883	0.00063151
7.22	0.063188	83.861	-0.43593	0.0027503	0.0042287	0.00037438
7.222	0.06067	82.447	-0.41611	0.0028915	0.0040928	1.5483e-05
7.224	0.057942	81.052	-0.39629	0.0030327	0.0039569	-0.00034342
7.226	0.055572	79.675	-0.36646	0.0031738	0.0038209	-0.00070232
7.228	0.054004	78.323	-0.3266	0.003315	0.003685	-0.0010612
7.23	0.053451	76.993	-0.28675	0.0034562	0.0035491	-0.0014201
7.232	0.053844	75.692	-0.23527	0.0035523	0.0031882	-0.0019326
7.234	0.054854	74.417	-0.18378	0.0036484	0.0028273	-0.002445
7.236	0.055978	73.173	-0.13153	0.0037444	0.0024663	-0.0029575
7.238	0.056666	71.96	-0.078511	0.0038405	0.0021054	-0.0034699
7.24	0.056463	70.778	-0.025491	0.0039366	0.0017445	-0.0039824
7.242	0.055133	69.629	0.019543	0.0038839	0.0015056	-0.0043554
7.244	0.052727	68.513	0.064578	0.0038311	0.0012667	-0.0047285
7.246	0.049584	67.431	0.1022	0.0037784	0.0010278	-0.0051015
7.248	0.046264	66.383	0.1324	0.0037257	0.00078883	-0.0054745
7.25	0.043415	65.368	0.16261	0.0036729	0.00054991	-0.0058475
7.252	0.041624	64.387	0.17519	0.0034124	0.0005543	-0.0057986
7.254	0.041274	63.439	0.18777	0.0031519	0.00055869	-0.0057496
7.256	0.042444	62.523	0.19231	0.0028914	0.00056308	-0.0057007
7.258	0.044881	61.64	0.1888	0.0026309	0.00056747	-0.0056517
7.26	0.048042	60.787	0.1853	0.0023704	0.00057186	-0.0056028
7.262	0.051211	59.965	0.17071	0.0020535	0.00064004	-0.0052414
7.264	0.05365	59.172	0.15612	0.0017366	0.00070822	-0.00488
7.266	0.054765	58.407	0.13933	0.0014197	0.0007764	-0.0045186
7.268	0.054234	57.668	0.12035	0.0011027	0.00084458	-0.0041571
7.27	0.052071	56.956	0.10137	0.00078584	0.00091275	-0.0037957
7.272	0.048625	56.267	0.084344	0.00065603	0.00084656	-0.0034724
7.274	0.044498	55.602	0.067321	0.00052623	0.00078036	-0.003149
7.276	0.04041	54.959	0.053426	0.00039642	0.00071416	-0.0028257
7.278	0.03704	54.336	0.042658	0.00026662	0.00064796	-0.0025024
7.28	0.034882	53.733	0.03189	0.00013681	0.00058176	-0.002179
7.282	0.03415	53.149	0.028817	0.00023154	0.00044456	-0.002036
7.284	0.034744	52.582	0.025744	0.00032626	0.00030735	-0.001893
7.286	0.036297	52.032	0.025959	0.00042099	0.00017014	-0.00175
7.288	0.038265	51.498	0.029462	0.00051571	3.2929e-05	-0.001607
7.29	0.040072	50.979	0.032964	0.00061044	-0.00010428	-0.001464
7.292	0.041236	50.475	0.040567	0.00068244	-0.00011258	-0.0013119
7.294	0.041474	49.985	0.048169	0.00075444	-0.00012088	-0.0011598
7.296	0.040747	49.509	0.056684	0.00082644	-0.00012917	-0.0010078
7.298	0.039252	49.047	0.066111	0.00089844	-0.00013747	-0.00085573
7.3	0.03735	48.598	0.075538	0.00097043	-0.00014577	-0.00070367
7.302	0.035455	48.164	0.085928	0.00074258	-4.6726e-05	-0.00035005
7.304	0.033933	47.743	0.096319	0.00051472	5.2318e-05	3.5825e-06
7.306	0.033006	47.336	0.10763	0.00028686	0.00015136	0.00035721
7.308	0.032716	46.944	0.11987	5.8998e-05	0.00025041	0.00071084
7.31	0.032921	46.567	0.13211	-0.00016886	0.00034945	0.0010645
7.312	0.033361	46.205	0.1481	-0.00073056	0.00026694	0.001509
7.314	0.033742	45.859	0.16408	-0.0012923	0.00018444	0.0019536
7.316	0.033833	45.53	0.18265	-0.001854	0.00010193	0.0023982
7.318	0.033532	45.217	0.20379	-0.0024157	1.9419e-05	0.0028428
7.32	0.032898	44.922	0.22493	-0.0029774	-6.3089e-05	0.0032874
7.322	0.03214	44.645	0.25058	-0.0036421	-0.00049359	0.0035191
7.324	0.031552	44.387	0.27623	-0.0043068	-0.0009241	0.0037508
7.326	0.031426	44.147	0.30231	-0.0049715	-0.0013546	0.0039825
7.328	0.031963	43.927	0.32885	-0.0056362	-0.0017851	0.0042142
7.33	0.033208	43.726	0.35538	-0.0063009	-0.0022156	0.0044459
7.332	0.035033	43.544	0.37657	-0.006732	-0.0027127	0.004317
7.334	0.037157	43.381	0.39777	-0.0071631	-0.0032097	0.004188
7.336	0.039226	43.237	0.41271	-0.0075942	-0.0037068	0.0040591
7.338	0.040911	43.112	0.4214	-0.0080254	-0.0042039	0.0039301
7.34	0.042003	43.004	0.43008	-0.0084565	-0.004701	0.0038012
7.342	0.042487	42.913	0.42058	-0.0084082	-0.0047424	0.0034509
7.344	0.042566	42.838	0.41108	-0.00836	-0.0047838	0.0031006
7.346	0.04262	42.777	0.39156	-0.0083118	-0.0048253	0.0027503
7.348	0.043121	42.73	0.36202	-0.0082635	-0.0048667	0.0024
7.35	0.044514	42.694	0.33248	-0.0082153	-0.0049081	0.0020497
7.352	0.047094	42.667	0.28613	-0.0077004	-0.0043113	0.0017019
7.354	0.050907	42.648	0.23979	-0.0071854	-0.0037144	0.0013541
7.356	0.055714	42.633	0.18898	-0.0066705	-0.0031176	0.0010064
7.358	0.061008	42.622	0.13371	-0.0061556	-0.0025207	0.00065858
7.36	0.06611	42.61	0.078439	-0.0056406	-0.0019238	0.00031079
7.362	0.070298	42.596	0.024634	-0.00491	-0.0011448	5.3257e-05
7.364	0.072965	42.575	-0.029172	-0.0041794	-0.00036575	-0.00020428
7.366	0.073745	42.547	-0.077368	-0.0034488	0.00041328	-0.00046181
7.368	0.072604	42.505	-0.11995	-0.0027182	0.0011923	-0.00071934
7.37	0.069853	42.45	-0.16254	-0.0019876	0.0019713	-0.00097688
7.372	0.066089	42.375	-0.18785	-0.0012767	0.0022406	-0.0011753
7.374	0.062081	42.281	-0.21315	-0.00056587	0.0025099	-0.0013738
7.376	0.058609	42.16	-0.22957	0.000145	0.0027792	-0.0015723
7.378	0.056312	42.014	-0.23709	0.00085587	0.0030485	-0.0017707
7.38	0.05556	41.835	-0.24461	0.0015667	0.0033178	-0.0019692
7.382	0.056393	41.624	-0.23936	0.0021885	0.0028608	-0.0021086
7.384	0.058525	41.376	-0.23411	0.0028102	0.0024039	-0.0022479
7.386	0.061412	41.091	-0.22679	0.003432	0.001947	-0.0023873
7.388	0.06438	40.763	-0.2174	0.0040537	0.00149	-0.0025267
7.39	0.066762	40.394	-0.20801	0.0046754	0.0010331	-0.002666
7.392	0.068031	39.978	-0.20365	0.0051319	0.00031713	-0.0026668
7.394	0.067892	39.516	-0.19929	0.0055884	-0.0003988	-0.0026675
7.396	0.066316	39.005	-0.2008	0.0060448	-0.0011147	-0.0026682
7.398	0.063518	38.445	-0.20816	0.0065013	-0.0018307	-0.002669
7.4	0.059883	37.835	-0.21553	0.0069577	-0.0025466	-0.0026697
7.402	0.055868	37.175	-0.23688	0.0070218	-0.002875	-0.0024611
7.404	0.051894	36.464	-0.25823	0.0070858	-0.0032033	-0.0022525
7.406	0.048262	35.702	-0.28542	0.0071499	-0.0035316	-0.0020438
7.408	0.045112	34.89	-0.31844	0.0072139	-0.00386	-0.0018352
7.41	0.04242	34.028	-0.35146	0.0072779	-0.0041883	-0.0016265
7.412	0.040038	33.118	-0.39078	0.0067963	-0.0038949	-0.0012305
7.414	0.037755	32.16	-0.43009	0.0063146	-0.0036014	-0.00083452
7.416	0.035369	31.158	-0.46958	0.0058329	-0.0033079	-0.00043851
7.418	0.032742	30.111	-0.50924	0.0053512	-0.0030144	-4.2499e-05
7.42	0.029825	29.022	-0.54891	0.0048695	-0.002721	0.00035351
7.422	0.026648	27.894	-0.58477	0.0040784	-0.0020607	0.00081814
7.424	0.023283	26.729	-0.62063	0.0032873	-0.0014004	0.0012828
7.426	0.019788	25.528	-0.65406	0.0024962	-0.00074011	0.0017474
7.428	0.016144	24.296	-0.68505	0.0017051	-7.9824e-05	0.002212
7.43	0.012212	23.033	-0.71604	0.000914	0.00058046	0.0026767
7.432	0.0077177	21.746	-0.74394	0.00036368	0.0011908	0.0030286
7.434	0.0022652	20.433	-0.77185	-0.00018665	0.0018011	0.0033806
7.436	-0.0046052	19.101	-0.79976	-0.00073698	0.0024114	0.0037325
7.438	-0.013344	17.749	-0.82769	-0.0012873	0.0030217	0.0040845
7.44	-0.024309	16.383	-0.85562	-0.0018376	0.003632	0.0044364
7.442	-0.03768	15.003	-0.88601	-0.0017354	0.0038758	0.0044814
7.444	-0.053397	13.614	-0.9164	-0.0016332	0.0041196	0.0045263
7.446	-0.07113	12.216	-0.94811	-0.0015309	0.0043635	0.0045713
7.448	-0.090272	10.813	-0.98115	-0.0014287	0.0046073	0.0046162
7.45	-0.10998	9.4054	-1.0142	-0.0013265	0.0048512	0.0046612
7.452	-0.12922	7.9963	-1.0474	-0.00065642	0.0045913	0.0042872
7.454	-0.14687	6.5861	-1.0807	1.3643e-05	0.0043314	0.0039132
7.456	-0.16179	5.1773	-1.112	0.00068371	0.0040715	0.0035392
7.458	-0.17291	3.7698	-1.1413	0.0013538	0.0038116	0.0031652
7.46	-0.17937	2.3655	-1.1706	0.0020238	0.0035517	0.0027912
7.462	-0.18055	0.96425	-1.1921	0.0027556	0.0029159	0.0020826
7.464	-0.17618	-0.43327	-1.2136	0.0034874	0.0022801	0.001374
7.466	-0.16639	-1.827	-1.2301	0.0042192	0.0016443	0.00066537
7.468	-0.15169	-3.2173	-1.2418	0.004951	0.0010086	-4.3248e-05
7.47	-0.133	-4.6042	-1.2535	0.0056829	0.00037277	-0.00075187
7.472	-0.11155	-5.9887	-1.2566	0.0059771	-0.00021912	-0.0015086
7.474	-0.088786	-7.3709	-1.2597	0.0062714	-0.00081102	-0.0022654
7.476	-0.066222	-8.7528	-1.2606	0.0065656	-0.0014029	-0.0030222
7.478	-0.04529	-10.134	-1.2592	0.0068599	-0.0019948	-0.0037789
7.48	-0.02717	-11.518	-1.2579	0.0071541	-0.0025867	-0.0045357
7.482	-0.012653	-12.903	-1.2575	0.006946	-0.0027148	-0.005023
7.484	-0.0020604	-14.294	-1.2572	0.0067379	-0.0028428	-0.0055104
7.486	0.0047857	-15.689	-1.2598	0.0065298	-0.0029709	-0.0059977
7.488	0.0085074	-17.093	-1.2654	0.0063217	-0.003099	-0.0064851
7.49	0.010048	-18.504	-1.271	0.0061136	-0.003227	-0.0069724
7.492	0.010506	-19.926	-1.285	0.0057877	-0.0028901	-0.0070607
7.494	0.010942	-21.359	-1.299	0.0054618	-0.0025532	-0.007149
7.496	0.012208	-22.807	-1.3169	0.005136	-0.0022163	-0.0072372
7.498	0.014813	-24.267	-1.3388	0.0048101	-0.0018794	-0.0073255
7.5	0.018862	-25.744	-1.3606	0.0044842	-0.0015425	-0.0074137
7.502	0.024072	-27.237	-1.3869	0.0043997	-0.0011297	-0.0072135
7.504	0.029869	-28.748	-1.4133	0.0043152	-0.00071685	-0.0070133
7.506	0.03553	-30.277	-1.4398	0.0042307	-0.00030405	-0.0068131
7.508	0.040348	-31.825	-1.4663	0.0041461	0.00010876	-0.0066129
7.51	0.043787	-33.392	-1.4929	0.0040616	0.00052157	-0.0064127
7.512	0.045587	-34.979	-1.516	0.0041458	0.00074297	-0.0061036
7.514	0.045805	-36.585	-1.5391	0.00423	0.00096437	-0.0057945
7.516	0.044787	-38.21	-1.5597	0.0043142	0.0011858	-0.0054854
7.518	0.043072	-39.854	-1.5778	0.0043984	0.0014072	-0.0051763
7.52	0.041268	-41.517	-1.5958	0.0044826	0.0016286	-0.0048672
7.522	0.039911	-43.198	-1.6096	0.0044339	0.0017872	-0.0045034
7.524	0.039353	-44.895	-1.6233	0.0043851	0.0019458	-0.0041396
7.526	0.039709	-46.609	-1.6361	0.0043364	0.0021044	-0.0037758
7.528	0.040846	-48.338	-1.6479	0.0042876	0.002263	-0.0034121
7.53	0.042446	-50.08	-1.6598	0.0042389	0.0024216	-0.0030483
7.532	0.044099	-51.835	-1.6723	0.0039823	0.0026701	-0.0025906
7.534	0.045416	-53.602	-1.6848	0.0037257	0.0029187	-0.0021329
7.536	0.046124	-55.378	-1.6986	0.0034691	0.0031672	-0.0016752
7.538	0.046126	-57.163	-1.7135	0.0032124	0.0034157	-0.0012175
7.54	0.045507	-58.955	-1.7284	0.0029558	0.0036643	-0.00075979
7.542	0.044493	-60.754	-1.7458	0.0026419	0.0037654	-0.00026146
7.544	0.043363	-62.557	-1.7631	0.0023279	0.0038666	0.00023687
7.546	0.042364	-64.364	-1.781	0.002014	0.0039678	0.0007352
7.548	0.041632	-66.174	-1.7995	0.0017	0.0040689	0.0012335
7.55	0.041135	-67.986	-1.8179	0.0013861	0.0041701	0.0017319
7.552	0.040688	-69.799	-1.8358	0.001058	0.0037555	0.0021102
7.554	0.039998	-71.613	-1.8536	0.00072989	0.003341	0.0024886
7.556	0.038753	-73.428	-1.8706	0.0004018	0.0029265	0.0028669
7.558	0.036721	-75.242	-1.8867	7.3719e-05	0.0025119	0.0032453
7.56	0.033827	-77.057	-1.9028	-0.00025437	0.0020974	0.0036236
7.562	0.030204	-78.873	-1.9173	-0.00066223	0.0012873	0.0038
7.564	0.026173	-80.69	-1.9318	-0.0010701	0.00047711	0.0039764
7.566	0.02219	-82.508	-1.9461	-0.001478	-0.00033304	0.0041528
7.568	0.018733	-84.329	-1.9602	-0.0018858	-0.0011432	0.0043292
7.57	0.016187	-86.152	-1.9743	-0.0022937	-0.0019533	0.0045056
7.572	0.014737	-87.981	-1.9893	-0.0026508	-0.0025051	0.0045191
7.574	0.014304	-89.815	-2.0044	-0.003008	-0.0030569	0.0045327
7.576	0.014541	-91.657	-2.0201	-0.0033651	-0.0036087	0.0045463
7.578	0.014894	-93.507	-2.0364	-0.0037222	-0.0041606	0.0045598
7.58	0.014711	-95.369	-2.0528	-0.0040794	-0.0047124	0.0045734
7.582	0.013383	-97.241	-2.0693	-0.0040708	-0.0045204	0.0044091
7.584	0.010482	-99.128	-2.0858	-0.0040623	-0.0043284	0.0042448
7.586	0.0058591	-101.03	-2.101	-0.0040537	-0.0041364	0.0040806
7.588	-0.00031799	-102.95	-2.1151	-0.0040451	-0.0039444	0.0039163
7.59	-0.0075911	-104.88	-2.1292	-0.0040366	-0.0037523	0.003752
7.592	-0.015309	-106.84	-2.138	-0.0035463	-0.0030581	0.0033159
7.594	-0.022766	-108.82	-2.1468	-0.0030561	-0.0023639	0.0028797
7.596	-0.029351	-110.82	-2.1522	-0.0025658	-0.0016697	0.0024436
7.598	-0.034674	-112.84	-2.1543	-0.0020756	-0.00097545	0.0020075
7.6	-0.038643	-114.88	-2.1564	-0.0015853	-0.00028122	0.0015714
7.602	-0.041472	-116.95	-2.153	-0.00085993	0.00024812	0.00093817
7.604	-0.04362	-119.04	-2.1496	-0.00013451	0.00077746	0.00030495
7.606	-0.045674	-121.15	-2.1455	0.0005909	0.0013068	-0.00032827
7.608	-0.048212	-123.28	-2.1408	0.0013163	0.0018361	-0.00096149
7.61	-0.051669	-125.44	-2.1362	0.0020417	0.0023655	-0.0015947
7.612	-0.056239	-127.61	-2.1363	0.0026315	0.0023671	-0.0020652
7.614	-0.061847	-129.79	-2.1365	0.0032213	0.0023687	-0.0025356
7.616	-0.068178	-131.99	-2.142	0.0038111	0.0023703	-0.0030061
7.618	-0.074765	-134.2	-2.1529	0.0044009	0.0023719	-0.0034766
7.62	-0.081115	-136.41	-2.1638	0.0049907	0.0023735	-0.003947
7.622	-0.086835	-138.63	-2.1884	0.0051757	0.0020466	-0.0039011
7.624	-0.091731	-140.84	-2.2131	0.0053606	0.0017197	-0.0038552
7.626	-0.095847	-143.04	-2.2437	0.0055456	0.0013927	-0.0038093
7.628	-0.099459	-145.23	-2.2803	0.0057305	0.0010658	-0.0037634
7.63	-0.103	-147.4	-2.3169	0.0059155	0.00073887	-0.0037175
7.632	-0.10693	-149.54	-2.3584	0.0055682	0.00046829	-0.0031901
7.634	-0.11164	-151.65	-2.3999	0.0052209	0.00019771	-0.0026628
7.636	-0.11732	-153.72	-2.4382	0.0048736	-7.2873e-05	-0.0021354
7.638	-0.12393	-155.74	-2.4734	0.0045263	-0.00034345	-0.001608
7.64	-0.13119	-157.7	-2.5086	0.004179	-0.00061403	-0.0010806
7.642	-0.13863	-159.61	-2.5248	0.0033635	-0.00068568	-0.00047924
7.644	-0.1457	-161.44	-2.5411	0.0025479	-0.00075732	0.00012212
7.646	-0.15192	-163.19	-2.5425	0.0017324	-0.00082896	0.00072348
7.648	-0.15695	-164.85	-2.529	0.00091681	-0.00090061	0.0013248
7.65	-0.16072	-166.42	-2.5156	0.00010126	-0.00097225	0.0019262
7.652	-0.16338	-167.88	-2.4663	-0.00089634	-0.00099639	0.0022387
7.654	-0.16531	-169.23	-2.4169	-0.0018939	-0.0010205	0.0025512
7.656	-0.16699	-170.46	-2.3496	-0.0028915	-0.0010447	0.0028636
7.658	-0.16893	-171.56	-2.2641	-0.0038891	-0.0010688	0.0031761
7.66	-0.17152	-172.53	-2.1787	-0.0048867	-0.001093	0.0034886
7.662	-0.17492	-173.35	-2.0625	-0.0057025	-0.0012859	0.0035021
7.664	-0.17908	-174.02	-1.9463	-0.0065183	-0.0014788	0.0035156
7.666	-0.18373	-174.54	-1.8193	-0.007334	-0.0016717	0.0035291
7.668	-0.18843	-174.89	-1.6815	-0.0081498	-0.0018646	0.0035426
7.67	-0.1927	-175.07	-1.5436	-0.0089656	-0.0020575	0.0035561
7.672	-0.19613	-175.08	-1.3946	-0.0093319	-0.0024397	0.0034526
7.674	-0.19844	-174.91	-1.2456	-0.0096983	-0.0028219	0.0033491
7.676	-0.19957	-174.56	-1.0958	-0.010065	-0.0032041	0.0032456
7.678	-0.19964	-174.02	-0.94508	-0.010431	-0.0035862	0.0031421
7.68	-0.19893	-173.29	-0.79437	-0.010797	-0.0039684	0.0030386
7.682	-0.19779	-172.37	-0.64902	-0.010583	-0.0042549	0.0028674
7.684	-0.19655	-171.26	-0.50367	-0.010369	-0.0045413	0.0026963
7.686	-0.19543	-169.95	-0.3632	-0.010156	-0.0048278	0.0025251
7.688	-0.1945	-168.44	-0.22761	-0.0099417	-0.0051143	0.002354
7.69	-0.19367	-166.74	-0.092014	-0.0097277	-0.0054007	0.0021828
7.692	-0.19273	-164.84	0.031497	-0.0089979	-0.0052101	0.0018868
7.694	-0.1914	-162.75	0.15501	-0.008268	-0.0050195	0.0015909
7.696	-0.18944	-160.47	0.27186	-0.0075381	-0.0048289	0.0012949
7.698	-0.18672	-158	0.38206	-0.0068082	-0.0046383	0.00099889
7.7	-0.18321	-155.35	0.49225	-0.0060783	-0.0044476	0.00070291
7.702	-0.17904	-152.51	0.58822	-0.0052108	-0.0037417	0.00038716
7.704	-0.17443	-149.5	0.68419	-0.0043432	-0.0030358	7.1417e-05
7.706	-0.16963	-146.3	0.77263	-0.0034757	-0.0023299	-0.00024433
7.708	-0.16484	-142.95	0.85354	-0.0026082	-0.001624	-0.00056007
7.71	-0.16016	-139.43	0.93446	-0.0017406	-0.0009181	-0.00087581
7.712	-0.15555	-135.75	0.99983	-0.0012708	-0.0001687	-0.00098522
7.714	-0.15083	-131.92	1.0652	-0.00080101	0.0005807	-0.0010946
7.716	-0.14574	-127.95	1.123	-0.0003312	0.0013301	-0.001204
7.718	-0.14	-123.84	1.1732	0.00013862	0.0020795	-0.0013134
7.72	-0.13343	-119.6	1.2233	0.00060843	0.0028289	-0.0014228
7.722	-0.12597	-115.23	1.2599	0.00050428	0.0030663	-0.0013347
7.724	-0.11775	-110.76	1.2964	0.00040013	0.0033036	-0.0012466
7.726	-0.10909	-106.17	1.3274	0.00029598	0.003541	-0.0011585
7.728	-0.10041	-101.49	1.3528	0.00019183	0.0037784	-0.0010704
7.73	-0.092157	-96.712	1.3782	8.7685e-05	0.0040157	-0.00098223
7.732	-0.0847	-91.854	1.3955	-0.00014625	0.0036819	-0.00098958
7.734	-0.078249	-86.918	1.4129	-0.00038019	0.0033481	-0.00099692
7.736	-0.072787	-81.918	1.4275	-0.00061412	0.0030143	-0.0010043
7.738	-0.068073	-76.855	1.4395	-0.00084806	0.0026805	-0.0010116
7.74	-0.063697	-71.744	1.4515	-0.001082	0.0023467	-0.001019
7.742	-0.059169	-66.585	1.4601	-0.00088261	0.0019051	-0.0012612
7.744	-0.054041	-61.395	1.4686	-0.00068322	0.0014635	-0.0015035
7.746	-0.048013	-56.172	1.4758	-0.00048383	0.0010219	-0.0017458
7.748	-0.041017	-50.933	1.4817	-0.00028445	0.0005803	-0.0019881
7.75	-0.033239	-45.676	1.4876	-8.5062e-05	0.00013869	-0.0022304
7.752	-0.025089	-40.417	1.4912	0.00050585	1.0171e-05	-0.0024103
7.754	-0.017108	-35.154	1.4948	0.0010968	-0.00011834	-0.0025903
7.756	-0.0098484	-29.903	1.4976	0.0016877	-0.00024686	-0.0027702
7.758	-0.0037469	-24.663	1.4994	0.0022786	-0.00037537	-0.0029501
7.76	0.00098054	-19.446	1.5013	0.0028695	-0.00050389	-0.0031301
7.762	0.0043918	-14.252	1.5027	0.0032283	-0.00039085	-0.0028587
7.764	0.0068104	-9.0935	1.5042	0.0035872	-0.00027782	-0.0025873
7.766	0.0087537	-3.9704	1.5067	0.003946	-0.00016478	-0.0023159
7.768	0.010816	1.1068	1.5102	0.0043048	-5.1745e-05	-0.0020444
7.77	0.013535	6.138	1.5137	0.0046637	6.1291e-05	-0.001773
7.772	0.017264	11.113	1.5223	0.0043117	5.8445e-05	-0.0010965
7.774	0.022091	16.033	1.5309	0.0039598	5.5599e-05	-0.00042005
7.776	0.027812	20.888	1.5434	0.0036078	5.2753e-05	0.00025644
7.778	0.033981	25.679	1.5598	0.0032559	4.9907e-05	0.00093293
7.78	0.040005	30.397	1.5761	0.0029039	4.7061e-05	0.0016094
7.782	0.045274	35.043	1.6012	0.0019566	-0.00018689	0.0022238
7.784	0.049301	39.61	1.6263	0.0010092	-0.00042084	0.0028382
7.786	0.051828	44.098	1.6551	6.1899e-05	-0.00065479	0.0034526
7.788	0.052884	48.502	1.6877	-0.00088544	-0.00088874	0.0040669
7.79	0.052777	52.82	1.7203	-0.0018328	-0.0011227	0.0046813
7.792	0.052021	57.05	1.7566	-0.0029045	-0.0013474	0.0048694
7.794	0.051232	61.189	1.7929	-0.0039763	-0.0015722	0.0050575
7.796	0.050984	65.236	1.8284	-0.0050481	-0.001797	0.0052457
7.798	0.0517	69.189	1.8631	-0.0061199	-0.0020217	0.0054338
7.8	0.05356	73.046	1.8978	-0.0071916	-0.0022465	0.0056219
7.802	0.056479	76.807	1.9255	-0.0079274	-0.0022498	0.0054409
7.804	0.060132	80.469	1.9533	-0.0086632	-0.0022531	0.0052599
7.806	0.064038	84.034	1.9754	-0.009399	-0.0022564	0.005079
7.808	0.067668	87.499	1.9919	-0.010135	-0.0022597	0.004898
7.81	0.070556	90.864	2.0085	-0.010871	-0.002263	0.004717
7.812	0.072393	94.129	2.0123	-0.010934	-0.0021186	0.0044044
7.814	0.073074	97.294	2.0161	-0.010997	-0.0019742	0.0040918
7.816	0.072705	100.36	2.014	-0.01106	-0.0018297	0.0037792
7.818	0.071557	103.32	2.0061	-0.011123	-0.0016853	0.0034666
7.82	0.06999	106.19	1.9982	-0.011186	-0.0015409	0.003154
7.822	0.068371	108.96	1.9817	-0.010476	-0.0014283	0.0027947
7.824	0.066992	111.63	1.9652	-0.0097662	-0.0013158	0.0024354
7.826	0.066026	114.2	1.9464	-0.0090565	-0.0012032	0.0020761
7.828	0.065507	116.67	1.9253	-0.0083467	-0.0010906	0.0017168
7.83	0.065355	119.05	1.9042	-0.0076369	-0.00097808	0.0013576
7.832	0.065418	121.33	1.8816	-0.0064825	-0.00093366	0.00093035
7.834	0.06553	123.52	1.859	-0.005328	-0.00088924	0.00050314
7.836	0.065563	125.62	1.8364	-0.0041736	-0.00084482	7.5934e-05
7.838	0.065456	127.62	1.8138	-0.0030191	-0.00080041	-0.00035127
7.84	0.065219	129.54	1.7912	-0.0018647	-0.00075599	-0.00077848
7.842	0.064909	131.36	1.768	-0.00091402	-0.00067392	-0.0012047
7.844	0.0646	133.1	1.7449	3.6658e-05	-0.00059186	-0.0016309
7.846	0.064334	134.75	1.7203	0.00098734	-0.00050979	-0.0020572
7.848	0.064097	136.31	1.6943	0.001938	-0.00042773	-0.0024834
7.85	0.063805	137.79	1.6684	0.0028887	-0.00034567	-0.0029096
7.852	0.063327	139.19	1.6371	0.0031717	-0.00011319	-0.0032048
7.854	0.06252	140.5	1.6058	0.0034547	0.00011928	-0.0034999
7.856	0.061279	141.74	1.5709	0.0037377	0.00035176	-0.0037951
7.858	0.059583	142.9	1.5323	0.0040207	0.00058423	-0.0040902
7.86	0.057523	143.97	1.4938	0.0043037	0.00081671	-0.0043853
7.862	0.055303	144.98	1.4481	0.0040332	0.0011965	-0.0044825
7.864	0.053205	145.9	1.4023	0.0037627	0.0015762	-0.0045797
7.866	0.051532	146.76	1.3539	0.0034922	0.001956	-0.0046769
7.868	0.050534	147.54	1.3029	0.0032216	0.0023358	-0.0047741
7.87	0.050343	148.25	1.2519	0.0029511	0.0027156	-0.0048713
7.872	0.050929	148.89	1.1991	0.002653	0.003034	-0.0047613
7.874	0.05209	149.46	1.1463	0.0023549	0.0033525	-0.0046513
7.876	0.053483	149.96	1.0948	0.0020568	0.0036709	-0.0045412
7.878	0.054691	150.4	1.0444	0.0017587	0.0039894	-0.0044312
7.88	0.055319	150.77	0.994	0.0014606	0.0043078	-0.0043212
7.882	0.05508	151.08	0.94947	0.0015333	0.0042383	-0.0040359
7.884	0.053871	151.33	0.90495	0.0016061	0.0041688	-0.0037505
7.886	0.051806	151.52	0.86423	0.0016788	0.0040993	-0.0034652
7.888	0.049205	151.65	0.82733	0.0017516	0.0040298	-0.0031799
7.89	0.046534	151.72	0.79043	0.0018244	0.0039603	-0.0028946
7.892	0.044305	151.74	0.76072	0.0021873	0.003419	-0.0025596
7.894	0.042974	151.71	0.731	0.0025503	0.0028777	-0.0022245
7.896	0.042834	151.62	0.70363	0.0029132	0.0023364	-0.0018895
7.898	0.043948	151.49	0.67861	0.0032762	0.0017951	-0.0015545
7.9	0.046127	151.31	0.65359	0.0036392	0.0012538	-0.0012194
7.902	0.048962	151.08	0.62949	0.0038844	0.00065384	-0.00099108
7.904	0.051906	150.8	0.60539	0.0041296	5.3932e-05	-0.00076273
7.906	0.054375	150.49	0.57979	0.0043748	-0.00054598	-0.00053439
7.908	0.055874	150.13	0.55271	0.00462	-0.0011459	-0.00030605
7.91	0.05609	149.74	0.52562	0.0048652	-0.0017458	-7.771e-05
7.912	0.05495	149.31	0.49268	0.0046953	-0.0018409	3.7168e-05
7.914	0.052637	148.85	0.45974	0.0045253	-0.001936	0.00015205
7.916	0.04954	148.35	0.42338	0.0043553	-0.0020311	0.00026693
7.918	0.046175	147.83	0.38361	0.0041853	-0.0021262	0.0003818
7.92	0.043082	147.28	0.34384	0.0040153	-0.0022213	0.00049668
7.922	0.040712	146.7	0.29849	0.003491	-0.0017471	0.00065559
7.924	0.039354	146.1	0.25315	0.0029667	-0.001273	0.00081449
7.926	0.039087	145.48	0.2066	0.0024423	-0.00079879	0.00097339
7.928	0.039784	144.84	0.15886	0.001918	-0.00032463	0.0011323
7.93	0.041155	144.18	0.11111	0.0013936	0.00014954	0.0012912
7.932	0.042828	143.5	0.065253	0.00081943	0.00067939	0.0015858
7.934	0.044431	142.81	0.019396	0.00024522	0.0012092	0.0018804
7.936	0.045669	142.1	-0.023355	-0.000329	0.0017391	0.002175
7.938	0.046381	141.38	-0.063	-0.00090321	0.0022689	0.0024696
7.94	0.046556	140.65	-0.10264	-0.0014774	0.0027988	0.0027642
7.942	0.046317	139.91	-0.13275	-0.0017845	0.002909	0.0030388
7.944	0.045877	139.16	-0.16286	-0.0020916	0.0030192	0.0033133
7.946	0.045472	138.4	-0.18739	-0.0023987	0.0031294	0.0035878
7.948	0.045306	137.64	-0.20633	-0.0027058	0.0032396	0.0038623
7.95	0.045501	136.86	-0.22528	-0.0030128	0.0033498	0.0041369
7.952	0.046074	136.08	-0.2333	-0.002872	0.0030716	0.0041213
7.954	0.046948	135.3	-0.24133	-0.0027312	0.0027934	0.0041057
7.956	0.047974	134.5	-0.2448	-0.0025904	0.0025152	0.0040901
7.958	0.048979	133.71	-0.24371	-0.0024495	0.0022369	0.0040745
7.96	0.049813	132.9	-0.24262	-0.0023087	0.0019587	0.0040589
7.962	0.050381	132.09	-0.23509	-0.0017797	0.0016216	0.0036929
7.964	0.050664	131.28	-0.22755	-0.0012506	0.0012845	0.0033268
7.966	0.050719	130.46	-0.21816	-0.00072156	0.00094736	0.0029607
7.968	0.050654	129.63	-0.20691	-0.00019252	0.00061024	0.0025947
7.97	0.0506	128.8	-0.19565	0.00033652	0.00027312	0.0022286
7.972	0.050672	127.96	-0.18283	0.00093603	4.8302e-05	0.0017792
7.974	0.050946	127.11	-0.17	0.0015355	-0.00017652	0.0013297
7.976	0.051446	126.27	-0.157	0.002135	-0.00040134	0.00088028
7.978	0.052144	125.41	-0.14383	0.0027346	-0.00062615	0.00043084
7.98	0.052979	124.55	-0.13067	0.0033341	-0.00085097	-1.8612e-05
7.982	0.053878	123.69	-0.11756	0.0036439	-0.0010506	-0.00022098
7.984	0.054782	122.82	-0.10446	0.0039536	-0.0012503	-0.00042335
7.986	0.055658	121.95	-0.09133	0.0042634	-0.00145	-0.00062573
7.988	0.056501	121.08	-0.078184	0.0045732	-0.0016496	-0.0008281
7.99	0.057328	120.21	-0.065039	0.004883	-0.0018493	-0.0010305
7.992	0.058154	119.33	-0.051681	0.0048304	-0.0021034	-0.00094065
7.994	0.058973	118.46	-0.038323	0.0047778	-0.0023574	-0.00085084
7.996	0.059743	117.59	-0.0249	0.0047251	-0.0026115	-0.00076102
7.998	0.060382	116.72	-0.011413	0.0046725	-0.0028656	-0.00067121
8	0.06078	115.86	0.0020748	0.0046199	-0.0031197	-0.0005814
8.002	0.060824	115.01	0.015248	0.0044919	-0.0033071	-0.00046001
8.004	0.060431	114.17	0.028421	0.004364	-0.0034946	-0.00033863
8.006	0.05958	113.34	0.041097	0.0042361	-0.0036821	-0.00021724
8.008	0.058328	112.53	0.053275	0.0041082	-0.0038696	-9.5861e-05
8.01	0.056817	111.73	0.065454	0.0039802	-0.0040571	2.5523e-05
8.012	0.05525	110.95	0.075978	0.0040915	-0.0039979	-5.7174e-05
8.014	0.053856	110.2	0.086502	0.0042028	-0.0039388	-0.00013987
8.016	0.052839	109.46	0.096006	0.0043142	-0.0038797	-0.00022257
8.018	0.052328	108.76	0.10449	0.0044255	-0.0038205	-0.00030527
8.02	0.052349	108.08	0.11297	0.0045368	-0.0037614	-0.00038796
8.022	0.052807	107.44	0.11945	0.0048223	-0.0034673	-0.00060361
8.024	0.053507	106.82	0.12592	0.0051079	-0.0031731	-0.00081927
8.026	0.0542	106.25	0.13161	0.0053934	-0.002879	-0.0010349
8.028	0.054638	105.71	0.13653	0.0056789	-0.0025849	-0.0012506
8.03	0.054647	105.21	0.14144	0.0059645	-0.0022908	-0.0014662
8.032	0.054174	104.75	0.14558	0.0059852	-0.0019688	-0.0015354
8.034	0.053317	104.33	0.14973	0.0060059	-0.0016467	-0.0016045
8.036	0.052312	103.95	0.154	0.0060267	-0.0013247	-0.0016737
8.038	0.051496	103.62	0.1584	0.0060474	-0.0010027	-0.0017428
8.04	0.051229	103.33	0.1628	0.0060681	-0.00068069	-0.001812
8.042	0.051813	103.09	0.16868	0.005498	-0.00050925	-0.0015779
8.044	0.053419	102.88	0.17456	0.0049279	-0.0003378	-0.0013439
8.046	0.056026	102.72	0.18188	0.0043578	-0.00016636	-0.0011099
8.048	0.059417	102.6	0.19064	0.0037877	5.0786e-06	-0.00087586
8.05	0.063199	102.52	0.1994	0.0032176	0.00017652	-0.00064183
8.052	0.066881	102.47	0.21257	0.0022958	0.00019038	-0.00025107
8.054	0.069961	102.47	0.22573	0.0013739	0.00020424	0.00013969
8.056	0.072019	102.49	0.24179	0.00045207	0.0002181	0.00053045
8.058	0.072808	102.55	0.26074	-0.00046978	0.00023196	0.00092122
8.06	0.072291	102.63	0.2797	-0.0013916	0.00024582	0.001312
8.062	0.070643	102.73	0.30527	-0.0019969	0.00019446	0.0015203
8.064	0.068204	102.86	0.33084	-0.0026021	0.00014311	0.0017286
8.066	0.065399	103	0.35955	-0.0032073	9.1763e-05	0.001937
8.068	0.062639	103.15	0.39141	-0.0038125	4.0412e-05	0.0021453
8.07	0.060235	103.31	0.42326	-0.0044177	-1.0939e-05	0.0023536
8.072	0.058331	103.48	0.45944	-0.0042466	-6.4297e-05	0.0021318
8.074	0.056888	103.64	0.49561	-0.0040755	-0.00011766	0.00191
8.076	0.055714	103.8	0.53204	-0.0039043	-0.00017101	0.0016882
8.078	0.054523	103.95	0.56875	-0.0037332	-0.00022437	0.0014663
8.08	0.053034	104.08	0.60545	-0.0035621	-0.00027773	0.0012445
8.082	0.051057	104.2	0.63749	-0.0028314	-0.00031604	0.00069618
8.084	0.048557	104.29	0.66952	-0.0021008	-0.00035435	0.00014783
8.086	0.04568	104.36	0.69641	-0.0013702	-0.00039266	-0.00040052
8.088	0.042723	104.4	0.71816	-0.00063954	-0.00043097	-0.00094887
8.09	0.040068	104.41	0.7399	9.1093e-05	-0.00046928	-0.0014972
8.092	0.038078	104.38	0.74666	0.00069858	-0.00046074	-0.0019355
8.094	0.036999	104.31	0.75343	0.0013061	-0.0004522	-0.0023738
8.096	0.036872	104.2	0.7515	0.0019136	-0.00044365	-0.0028121
8.098	0.037504	104.04	0.74089	0.002521	-0.00043511	-0.0032504
8.1	0.038485	103.84	0.73027	0.0031285	-0.00042657	-0.0036887
8.102	0.039272	103.59	0.70305	0.0031197	-0.00032032	-0.0036211
8.104	0.039311	103.3	0.67583	0.003111	-0.00021406	-0.0035536
8.106	0.038168	102.96	0.64229	0.0031022	-0.0001078	-0.003486
8.108	0.035654	102.56	0.60244	0.0030934	-1.5473e-06	-0.0034184
8.11	0.031902	102.12	0.5626	0.0030846	0.00010471	-0.0033508
8.112	0.027368	101.63	0.51644	0.0025623	0.00031708	-0.0028026
8.114	0.022767	101.1	0.47028	0.00204	0.00052946	-0.0022544
8.116	0.018946	100.52	0.42453	0.0015177	0.00074183	-0.0017062
8.118	0.016712	99.892	0.37919	0.00099534	0.00095421	-0.001158
8.12	0.016655	99.225	0.33385	0.00047302	0.0011666	-0.00060981
8.122	0.019017	98.516	0.29553	-7.3138e-05	0.0014231	6.7758e-07
8.124	0.023613	97.771	0.25721	-0.0006193	0.0016797	0.00061117
8.126	0.029852	96.99	0.22436	-0.0011655	0.0019363	0.0012217
8.128	0.036821	96.177	0.19698	-0.0017116	0.0021928	0.0018322
8.13	0.043464	95.333	0.1696	-0.0022578	0.0024494	0.0024426
8.132	0.048777	94.464	0.15425	-0.0024756	0.002644	0.0026928
8.134	0.052007	93.57	0.13891	-0.0026935	0.0028387	0.0029429
8.136	0.052794	92.656	0.12886	-0.0029113	0.0030333	0.003193
8.138	0.051248	91.723	0.12411	-0.0031292	0.0032279	0.0034431
8.14	0.047923	90.777	0.11936	-0.003347	0.0034225	0.0036932
8.142	0.043702	89.816	0.12225	-0.0032959	0.0034528	0.0034929
8.144	0.039622	88.847	0.12515	-0.0032447	0.0034831	0.0032926
8.146	0.036663	87.869	0.13025	-0.0031936	0.0035133	0.0030923
8.148	0.035556	86.887	0.13755	-0.0031425	0.0035436	0.002892
8.15	0.036643	85.9	0.14485	-0.0030913	0.0035739	0.0026917
8.152	0.039826	84.913	0.15394	-0.0030365	0.0034176	0.0022795
8.154	0.044595	83.925	0.16304	-0.0029817	0.0032614	0.0018672
8.156	0.050157	82.937	0.17224	-0.0029268	0.0031052	0.001455
8.158	0.055604	81.952	0.18154	-0.002872	0.002949	0.0010427
8.16	0.060108	80.968	0.19084	-0.0028171	0.0027927	0.00063045
8.162	0.063089	79.987	0.19948	-0.0028578	0.0025593	0.00030438
8.164	0.064325	79.008	0.20812	-0.0028985	0.0023258	-2.1703e-05
8.166	0.063978	78.031	0.21606	-0.0029391	0.0020923	-0.00034778
8.168	0.062536	77.055	0.2233	-0.0029798	0.0018588	-0.00067386
8.17	0.060691	76.08	0.23054	-0.0030205	0.0016253	-0.00099994
8.172	0.05917	75.104	0.23514	-0.003015	0.0014861	-0.0011097
8.174	0.058573	74.126	0.23973	-0.0030095	0.0013469	-0.0012194
8.176	0.059236	73.144	0.24206	-0.003004	0.0012077	-0.0013292
8.178	0.061163	72.158	0.24211	-0.0029985	0.0010685	-0.0014389
8.18	0.064033	71.164	0.24217	-0.002993	0.00092926	-0.0015487
8.182	0.067282	70.162	0.23545	-0.0028191	0.00098223	-0.001484
8.184	0.070227	69.148	0.22873	-0.0026452	0.0010352	-0.0014194
8.186	0.072224	68.122	0.21774	-0.0024713	0.0010882	-0.0013547
8.188	0.072802	67.079	0.20246	-0.0022974	0.0011411	-0.0012901
8.19	0.071762	66.022	0.18719	-0.0021235	0.0011941	-0.0012254
8.192	0.069213	64.944	0.16282	-0.0018816	0.0013965	-0.0010948
8.194	0.065537	63.846	0.13846	-0.0016398	0.0015989	-0.0009641
8.196	0.061298	62.725	0.11015	-0.0013979	0.0018014	-0.00083342
8.198	0.057114	61.582	0.077904	-0.0011561	0.0020038	-0.00070275
8.2	0.053534	60.412	0.045657	-0.00091425	0.0022062	-0.00057208
8.202	0.050925	59.216	0.008365	-0.00083264	0.0023985	-0.00047417
8.204	0.049409	57.993	-0.028927	-0.00075103	0.0025909	-0.00037627
8.206	0.048858	56.742	-0.066865	-0.00066941	0.0027832	-0.00027836
8.208	0.04894	55.462	-0.10545	-0.0005878	0.0029755	-0.00018046
8.21	0.049204	54.153	-0.14403	-0.00050618	0.0031678	-8.2555e-05
8.212	0.049186	52.815	-0.18027	-0.00072841	0.0031524	-2.8409e-05
8.214	0.048505	51.449	-0.21652	-0.00095064	0.003137	2.5736e-05
8.216	0.04693	50.055	-0.25033	-0.0011729	0.0031216	7.9882e-05
8.218	0.044409	48.634	-0.2817	-0.0013951	0.0031062	0.00013403
8.22	0.041054	47.186	-0.31307	-0.0016173	0.0030908	0.00018817
8.222	0.037091	45.713	-0.33869	-0.0021135	0.0027617	0.0003175
8.224	0.032788	44.217	-0.36431	-0.0026097	0.0024327	0.00044684
8.226	0.028376	42.698	-0.3874	-0.0031059	0.0021036	0.00057617
8.228	0.023998	41.159	-0.40795	-0.0036021	0.0017745	0.0007055
8.23	0.01967	39.601	-0.42851	-0.0040984	0.0014455	0.00083483
8.232	0.015279	38.026	-0.44568	-0.0047073	0.00089418	0.0011439
8.234	0.010608	36.436	-0.46285	-0.0053163	0.00034287	0.001453
8.236	0.0053693	34.835	-0.47924	-0.0059253	-0.00020844	0.0017621
8.238	-0.00074698	33.221	-0.49485	-0.0065343	-0.00075975	0.0020711
8.24	-0.0080357	31.6	-0.51046	-0.0071432	-0.0013111	0.0023802
8.242	-0.016756	29.971	-0.52576	-0.0076461	-0.0018285	0.0027398
8.244	-0.027118	28.339	-0.54107	-0.008149	-0.0023459	0.0030993
8.246	-0.039273	26.702	-0.55641	-0.008652	-0.0028633	0.0034588
8.248	-0.053305	25.065	-0.57179	-0.0091549	-0.0033808	0.0038184
8.25	-0.069219	23.428	-0.58717	-0.0096578	-0.0038982	0.0041779
8.252	-0.086901	21.792	-0.60224	-0.0098502	-0.0041034	0.0042684
8.254	-0.10607	20.159	-0.6173	-0.010043	-0.0043086	0.0043589
8.256	-0.12624	18.53	-0.63185	-0.010235	-0.0045138	0.0044493
8.258	-0.14667	16.905	-0.64589	-0.010428	-0.004719	0.0045398
8.26	-0.16637	15.285	-0.65993	-0.01062	-0.0049242	0.0046303
8.262	-0.18413	13.67	-0.67241	-0.010405	-0.0046706	0.0042845
8.264	-0.19862	12.061	-0.68489	-0.010191	-0.004417	0.0039387
8.266	-0.20853	10.456	-0.69658	-0.0099762	-0.0041634	0.0035929
8.268	-0.21275	8.8566	-0.70747	-0.0097616	-0.0039097	0.0032472
8.27	-0.21054	7.2611	-0.71836	-0.009547	-0.0036561	0.0029014
8.272	-0.20169	5.6685	-0.72815	-0.0090132	-0.00306	0.0023452
8.274	-0.18662	4.0787	-0.73794	-0.0084794	-0.0024639	0.0017891
8.276	-0.16636	2.4892	-0.74761	-0.0079456	-0.0018678	0.0012329
8.278	-0.1425	0.90019	-0.75714	-0.0074117	-0.0012717	0.00067674
8.28	-0.11697	-0.69139	-0.76666	-0.0068779	-0.00067557	0.00012058
8.282	-0.09183	-2.2855	-0.77685	-0.0062407	-0.00012253	-0.00023009
8.284	-0.068979	-3.8856	-0.78704	-0.0056035	0.0004305	-0.00058075
8.286	-0.04991	-5.4915	-0.798	-0.0049663	0.00098354	-0.00093141
8.288	-0.035525	-7.1068	-0.80973	-0.0043292	0.0015366	-0.0012821
8.29	-0.026035	-8.7314	-0.82146	-0.003692	0.0020896	-0.0016327
8.292	-0.020988	-10.369	-0.83562	-0.0031177	0.0022079	-0.00162
8.294	-0.019391	-12.019	-0.84978	-0.0025435	0.0023262	-0.0016073
8.296	-0.019924	-13.686	-0.86569	-0.0019693	0.0024445	-0.0015945
8.298	-0.021193	-15.368	-0.88334	-0.0013951	0.0025628	-0.0015818
8.3	-0.021971	-17.069	-0.901	-0.00082084	0.0026811	-0.0015691
8.302	-0.0214	-18.789	-0.92348	-0.00033651	0.0023285	-0.0014282
8.304	-0.019096	-20.53	-0.94595	0.00014782	0.0019758	-0.0012874
8.306	-0.015166	-22.291	-0.97157	0.00063215	0.0016231	-0.0011465
8.308	-0.010111	-24.074	-1.0003	0.0011165	0.0012705	-0.0010057
8.31	-0.0046717	-25.88	-1.0291	0.0016008	0.0009178	-0.00086481
8.312	0.00036623	-27.708	-1.0653	0.0020057	0.00044948	-0.00087554
8.314	0.0043593	-29.558	-1.1016	0.0024105	-1.883e-05	-0.00088628
8.316	0.0069506	-31.43	-1.1417	0.0028154	-0.00048714	-0.00089702
8.318	0.0081329	-33.324	-1.1858	0.0032202	-0.00095546	-0.00090775
8.32	0.0082287	-35.239	-1.2298	0.0036251	-0.0014238	-0.00091849
8.322	0.0077987	-37.173	-1.2807	0.0038621	-0.0016152	-0.0010569
8.324	0.007498	-39.126	-1.3316	0.0040991	-0.0018066	-0.0011953
8.326	0.0079126	-41.097	-1.3848	0.0043361	-0.001998	-0.0013337
8.328	0.0094192	-43.083	-1.4402	0.0045731	-0.0021895	-0.0014721
8.33	0.012097	-45.083	-1.4957	0.0048101	-0.0023809	-0.0016104
8.332	0.015708	-47.095	-1.5524	0.0047161	-0.0021949	-0.0016406
8.334	0.019751	-49.118	-1.6092	0.0046221	-0.0020089	-0.0016708
8.336	0.023573	-51.149	-1.6649	0.004528	-0.0018228	-0.0017009
8.338	0.026515	-53.186	-1.7196	0.004434	-0.0016368	-0.0017311
8.34	0.028057	-55.226	-1.7743	0.0043399	-0.0014508	-0.0017612
8.342	0.027925	-57.269	-1.8246	0.0038992	-0.0010894	-0.0015718
8.344	0.026159	-59.31	-1.8749	0.0034586	-0.00072795	-0.0013824
8.346	0.023093	-61.35	-1.9225	0.0030179	-0.00036652	-0.0011931
8.348	0.019288	-63.384	-1.9674	0.0025772	-5.0929e-06	-0.0010037
8.35	0.015408	-65.412	-2.0123	0.0021365	0.00035634	-0.00081429
8.352	0.012089	-67.431	-2.0526	0.001691	0.00059602	-0.00055173
8.354	0.0098008	-69.44	-2.0928	0.0012456	0.00083571	-0.00028916
8.356	0.008762	-71.437	-2.1315	0.00080012	0.0010754	-2.6601e-05
8.358	0.0089029	-73.422	-2.1687	0.00035468	0.0013151	0.00023596
8.36	0.0098898	-75.392	-2.2058	-9.0767e-05	0.0015548	0.00049853
8.362	0.011202	-77.347	-2.2414	-1.8667e-05	0.0015235	0.00060037
8.364	0.012251	-79.287	-2.277	5.3434e-05	0.0014923	0.00070222
8.366	0.012504	-81.21	-2.3119	0.00012553	0.0014611	0.00080406
8.368	0.011593	-83.117	-2.3463	0.00019763	0.0014298	0.00090591
8.37	0.0093896	-85.008	-2.3806	0.00026974	0.0013986	0.0010078
8.372	0.0060241	-86.883	-2.4123	0.0010221	0.0012149	0.00086313
8.374	0.001852	-88.743	-2.444	0.0017744	0.0010313	0.00071851
8.376	-0.0026268	-90.588	-2.4731	0.0025267	0.00084762	0.00057389
8.378	-0.0068762	-92.419	-2.4995	0.0032791	0.00066396	0.00042926
8.38	-0.010438	-94.239	-2.526	0.0040314	0.00048031	0.00028464
8.382	-0.013027	-96.047	-2.5441	0.0050133	0.00037459	2.0149e-05
8.384	-0.014593	-97.846	-2.5623	0.0059951	0.00026887	-0.00024434
8.386	-0.015328	-99.636	-2.5753	0.006977	0.00016315	-0.00050884
8.388	-0.015633	-101.42	-2.5833	0.0079589	5.7429e-05	-0.00077333
8.39	-0.016032	-103.2	-2.5912	0.0089408	-4.8291e-05	-0.0010378
8.392	-0.017071	-104.98	-2.5893	0.0095113	-1.5403e-05	-0.0012339
8.394	-0.019209	-106.76	-2.5874	0.010082	1.7485e-05	-0.0014301
8.396	-0.022719	-108.54	-2.582	0.010652	5.0373e-05	-0.0016262
8.398	-0.027635	-110.32	-2.573	0.011223	8.3261e-05	-0.0018223
8.4	-0.033739	-112.11	-2.564	0.011794	0.00011615	-0.0020185
8.402	-0.040589	-113.91	-2.5528	0.011703	0.00016058	-0.0020927
8.404	-0.0476	-115.71	-2.5415	0.011611	0.00020501	-0.0021669
8.406	-0.054144	-117.52	-2.5315	0.01152	0.00024944	-0.0022411
8.408	-0.059665	-119.34	-2.5229	0.011429	0.00029387	-0.0023153
8.41	-0.063773	-121.18	-2.5143	0.011338	0.0003383	-0.0023895
8.412	-0.06632	-123.02	-2.512	0.010806	0.00032551	-0.0024437
8.414	-0.067422	-124.87	-2.5096	0.010274	0.00031271	-0.0024979
8.416	-0.067446	-126.74	-2.5107	0.0097424	0.00029992	-0.0025521
8.418	-0.066945	-128.61	-2.5152	0.0092105	0.00028712	-0.0026063
8.42	-0.066569	-130.49	-2.5197	0.0086785	0.00027433	-0.0026605
8.422	-0.066949	-132.38	-2.5285	0.0080629	0.00028684	-0.0027808
8.424	-0.0686	-134.27	-2.5372	0.0074473	0.00029935	-0.0029012
8.426	-0.071834	-136.17	-2.5453	0.0068318	0.00031186	-0.0030216
8.428	-0.076717	-138.06	-2.5528	0.0062162	0.00032437	-0.0031419
8.43	-0.083066	-139.94	-2.5603	0.0056006	0.00033688	-0.0032623
8.432	-0.090487	-141.82	-2.5601	0.0051432	0.00042558	-0.0033733
8.434	-0.098458	-143.68	-2.5599	0.0046858	0.00051428	-0.0034843
8.436	-0.10641	-145.52	-2.5529	0.0042285	0.00060297	-0.0035953
8.438	-0.11386	-147.33	-2.5392	0.0037711	0.00069167	-0.0037063
8.44	-0.12042	-149.11	-2.5254	0.0033137	0.00078037	-0.0038173
8.442	-0.12595	-150.85	-2.4943	0.0031351	0.00083256	-0.0037476
8.444	-0.13049	-152.54	-2.4632	0.0029566	0.00088474	-0.0036778
8.446	-0.13424	-154.19	-2.423	0.002778	0.00093693	-0.003608
8.448	-0.13756	-155.76	-2.3736	0.0025994	0.00098912	-0.0035382
8.45	-0.14083	-157.27	-2.3241	0.0024208	0.0010413	-0.0034685
8.452	-0.14437	-158.7	-2.2575	0.0025559	0.00089897	-0.0031578
8.454	-0.14841	-160.04	-2.1909	0.002691	0.00075664	-0.0028471
8.456	-0.153	-161.28	-2.1169	0.0028261	0.0006143	-0.0025364
8.458	-0.15803	-162.43	-2.0356	0.0029612	0.00047197	-0.0022257
8.46	-0.16327	-163.45	-1.9543	0.0030963	0.00032964	-0.001915
8.462	-0.16836	-164.35	-1.8607	0.00344	-1.728e-05	-0.0015192
8.464	-0.17297	-165.12	-1.7671	0.0037838	-0.0003642	-0.0011233
8.466	-0.17682	-165.75	-1.6683	0.0041275	-0.00071112	-0.0007274
8.468	-0.17974	-166.22	-1.5642	0.0044713	-0.001058	-0.00033153
8.47	-0.18174	-166.54	-1.4602	0.004815	-0.001405	6.4345e-05
8.472	-0.18297	-166.68	-1.3469	0.0051179	-0.0017756	0.00029567
8.474	-0.18372	-166.66	-1.2336	0.0054207	-0.0021461	0.00052699
8.476	-0.18434	-166.44	-1.1162	0.0057236	-0.0025167	0.00075832
8.478	-0.18518	-166.05	-0.99466	0.0060264	-0.0028873	0.00098964
8.48	-0.18648	-165.45	-0.87314	0.0063293	-0.0032579	0.001221
8.482	-0.18838	-164.64	-0.74534	0.0063721	-0.0034039	0.001149
8.484	-0.1908	-163.63	-0.61755	0.0064149	-0.0035498	0.001077
8.486	-0.19353	-162.41	-0.48831	0.0064577	-0.0036957	0.001005
8.488	-0.19618	-160.97	-0.35763	0.0065006	-0.0038417	0.00093307
8.49	-0.19831	-159.31	-0.22695	0.0065434	-0.0039876	0.00086109
8.492	-0.19945	-157.42	-0.098293	0.0063219	-0.0037676	0.00053363
8.494	-0.19921	-155.31	0.030367	0.0061004	-0.0035476	0.00020617
8.496	-0.19737	-152.97	0.15518	0.0058789	-0.0033276	-0.00012129
8.498	-0.19385	-150.4	0.27614	0.0056574	-0.0031076	-0.00044875
8.5	-0.18881	-147.61	0.39709	0.0054359	-0.0028877	-0.00077621
8.502	-0.18256	-144.59	0.50506	0.0051211	-0.0023889	-0.0011982
8.504	-0.17555	-141.35	0.61303	0.0048063	-0.0018902	-0.0016201
8.506	-0.1683	-137.88	0.71267	0.0044916	-0.0013914	-0.0020421
8.508	-0.16129	-134.21	0.80396	0.0041768	-0.00089269	-0.002464
8.51	-0.15494	-130.32	0.89526	0.003862	-0.00039394	-0.002886
8.512	-0.14947	-126.22	0.96854	0.003631	8.7297e-05	-0.0032187
8.514	-0.14495	-121.93	1.0418	0.0034	0.00056854	-0.0035514
8.516	-0.14125	-117.44	1.1066	0.003169	0.0010498	-0.0038841
8.518	-0.13808	-112.76	1.163	0.002938	0.001531	-0.0042168
8.52	-0.13501	-107.91	1.2193	0.002707	0.0020123	-0.0045495
8.522	-0.13161	-102.89	1.2614	0.0026702	0.0021725	-0.0046452
8.524	-0.12746	-97.718	1.3035	0.0026335	0.0023328	-0.0047409
8.526	-0.12227	-92.388	1.3403	0.0025967	0.002493	-0.0048366
8.528	-0.11589	-86.925	1.3717	0.00256	0.0026533	-0.0049323
8.53	-0.10837	-81.329	1.403	0.0025232	0.0028135	-0.005028
8.532	-0.099959	-75.621	1.4268	0.0027259	0.0025941	-0.0048586
8.534	-0.091026	-69.802	1.4506	0.0029285	0.0023747	-0.0046893
8.536	-0.082039	-63.895	1.4718	0.0031311	0.0021554	-0.0045199
8.538	-0.073465	-57.899	1.4903	0.0033337	0.001936	-0.0043506
8.54	-0.065699	-51.838	1.5088	0.0035364	0.0017166	-0.0041812
8.542	-0.058988	-45.712	1.5235	0.0039081	0.0013589	-0.0038979
8.544	-0.053397	-39.544	1.5383	0.0042798	0.0010012	-0.0036146
8.546	-0.04879	-33.335	1.5517	0.0046515	0.00064353	-0.0033312
8.548	-0.044863	-27.107	1.5638	0.0050231	0.00028585	-0.0030479
8.55	-0.041197	-20.86	1.5759	0.0053948	-7.1834e-05	-0.0027646
8.552	-0.037342	-14.616	1.5865	0.0057077	-0.00025452	-0.0025777
8.554	-0.032898	-8.3745	1.5972	0.0060205	-0.00043721	-0.0023909
8.556	-0.027596	-2.1568	1.6079	0.0063333	-0.00061989	-0.002204
8.558	-0.021345	4.0373	1.6186	0.0066461	-0.00080258	-0.0020171
8.56	-0.014253	10.189	1.6294	0.0069589	-0.00098527	-0.0018303
8.562	-0.0066017	16.298	1.6422	0.0069198	-0.00091431	-0.0017575
8.564	0.0012073	22.349	1.6549	0.0068807	-0.00084336	-0.0016848
8.566	0.0087322	28.339	1.6694	0.0068415	-0.0007724	-0.0016121
8.568	0.015578	34.256	1.6857	0.0068024	-0.00070145	-0.0015393
8.57	0.021469	40.098	1.702	0.0067632	-0.00063049	-0.0014666
8.572	0.026301	45.853	1.7225	0.0062173	-0.00052884	-0.0012741
8.574	0.030151	51.522	1.7429	0.0056713	-0.00042719	-0.0010816
8.576	0.033254	57.093	1.7651	0.0051254	-0.00032555	-0.00088911
8.578	0.035942	62.566	1.789	0.0045794	-0.0002239	-0.00069661
8.58	0.03857	67.934	1.813	0.0040334	-0.00012225	-0.00050411
8.582	0.041435	73.197	1.8384	0.0031156	-0.00025029	-4.6015e-06
8.584	0.044715	78.347	1.8639	0.0021978	-0.00037834	0.00049491
8.586	0.048433	83.386	1.8887	0.0012799	-0.00050639	0.00099442
8.588	0.052464	88.309	1.913	0.00036207	-0.00063444	0.0014939
8.59	0.056565	93.116	1.9372	-0.00055578	-0.00076249	0.0019934
8.592	0.060447	97.805	1.9577	-0.0014903	-0.0011063	0.0026291
8.594	0.063843	102.37	1.9781	-0.0024249	-0.0014502	0.0032648
8.596	0.066576	106.83	1.9956	-0.0033594	-0.001794	0.0039005
8.598	0.068598	111.16	2.0104	-0.004294	-0.0021379	0.0045362
8.6	0.070003	115.37	2.0251	-0.0052285	-0.0024817	0.0051719
8.602	0.070997	119.47	2.0335	-0.0058959	-0.0027379	0.0055471
8.604	0.071848	123.44	2.0419	-0.0065633	-0.0029941	0.0059223
8.606	0.072814	127.3	2.0474	-0.0072307	-0.0032503	0.0062975
8.608	0.074072	131.05	2.0499	-0.0078981	-0.0035064	0.0066727
8.61	0.075676	134.68	2.0524	-0.0085655	-0.0037626	0.0070478
8.612	0.077538	138.2	2.0501	-0.0089869	-0.0036171	0.0069986
8.614	0.079443	141.61	2.0477	-0.0094084	-0.0034715	0.0069494
8.616	0.081103	144.91	2.0434	-0.0098298	-0.003326	0.0069002
8.618	0.082228	148.1	2.0372	-0.010251	-0.0031804	0.0068511
8.62	0.082595	151.19	2.0309	-0.010673	-0.0030349	0.0068019
8.622	0.082112	154.18	2.0211	-0.011049	-0.0024518	0.0065772
8.624	0.080843	157.06	2.0113	-0.011425	-0.0018688	0.0063525
8.626	0.079001	159.85	1.9995	-0.011801	-0.0012858	0.0061278
8.628	0.076908	162.54	1.9858	-0.012177	-0.00070279	0.0059032
8.63	0.074922	165.13	1.9722	-0.012553	-0.00011977	0.0056785
8.632	0.073363	167.64	1.9541	-0.012914	0.00058793	0.0055858
8.634	0.07244	170.05	1.936	-0.013275	0.0012956	0.0054931
8.636	0.072214	172.37	1.9155	-0.013636	0.0020033	0.0054004
8.638	0.072582	174.61	1.8925	-0.013998	0.002711	0.0053077
8.64	0.073308	176.76	1.8696	-0.014359	0.0034187	0.005215
8.642	0.074084	178.83	1.8421	-0.014467	0.0037858	0.0052194
8.644	0.074598	180.82	1.8146	-0.014576	0.0041528	0.0052238
8.646	0.074607	182.72	1.7853	-0.014685	0.0045199	0.0052282
8.648	0.073991	184.55	1.7544	-0.014793	0.0048869	0.0052325
8.65	0.072768	186.31	1.7234	-0.014902	0.005254	0.0052369
8.652	0.071082	187.99	1.6907	-0.014562	0.0050154	0.0050755
8.654	0.069161	189.6	1.6581	-0.014221	0.0047769	0.004914
8.656	0.067248	191.14	1.6255	-0.01388	0.0045383	0.0047526
8.658	0.065543	192.6	1.593	-0.01354	0.0042998	0.0045911
8.66	0.064151	194	1.5605	-0.013199	0.0040612	0.0044296
8.662	0.063066	195.34	1.5296	-0.012563	0.0033969	0.0040519
8.664	0.062177	196.61	1.4988	-0.011926	0.0027327	0.0036741
8.666	0.061315	197.81	1.4692	-0.01129	0.0020684	0.0032963
8.668	0.060311	198.96	1.4408	-0.010653	0.0014041	0.0029186
8.67	0.059053	200.04	1.4124	-0.010017	0.00073985	0.0025408
8.672	0.057527	201.07	1.3868	-0.009473	0.00015648	0.0022012
8.674	0.055834	202.03	1.3612	-0.0089293	-0.00042689	0.0018616
8.676	0.054173	202.94	1.3369	-0.0083856	-0.0010103	0.001522
8.678	0.052785	203.79	1.314	-0.007842	-0.0015936	0.0011824
8.68	0.05189	204.59	1.2911	-0.0072983	-0.002177	0.00084283
8.682	0.051612	205.33	1.2711	-0.0070582	-0.00227	0.00072943
8.684	0.051934	206.02	1.251	-0.006818	-0.0023629	0.00061603
8.686	0.05268	206.66	1.2326	-0.0065779	-0.0024559	0.00050263
8.688	0.053539	207.24	1.2159	-0.0063377	-0.0025488	0.00038923
8.69	0.054123	207.77	1.1992	-0.0060976	-0.0026418	0.00027583
8.692	0.054058	208.25	1.1863	-0.0059948	-0.0022774	0.00027105
8.694	0.053073	208.68	1.1733	-0.0058921	-0.001913	0.00026626
8.696	0.051076	209.06	1.1623	-0.0057894	-0.0015487	0.00026147
8.698	0.04819	209.39	1.1531	-0.0056866	-0.0011843	0.00025669
8.7	0.044744	209.66	1.144	-0.0055839	-0.00081993	0.0002519
8.702	0.041214	209.89	1.1375	-0.00532	-0.00039416	0.00014589
8.704	0.038131	210.06	1.131	-0.005056	3.16e-05	3.9891e-05
8.706	0.035959	210.18	1.1246	-0.0047921	0.00045736	-6.6114e-05
8.708	0.034998	210.24	1.1182	-0.0045282	0.00088313	-0.00017212
8.71	0.035304	210.26	1.1118	-0.0042643	0.0013089	-0.00027812
8.712	0.036675	210.22	1.1017	-0.0037595	0.0014724	-0.00050734
8.714	0.038674	210.12	1.0916	-0.0032548	0.0016359	-0.00073657
8.716	0.040727	209.98	1.0776	-0.00275	0.0017994	-0.00096579
8.718	0.042233	209.77	1.0597	-0.0022453	0.0019629	-0.001195
8.72	0.042702	209.51	1.0419	-0.0017405	0.0021265	-0.0014242
8.722	0.041851	209.2	1.013	-0.0012043	0.0020793	-0.0016296
8.724	0.039677	208.82	0.98411	-0.00066807	0.0020322	-0.0018349
8.726	0.03646	208.39	0.94917	-0.00013186	0.0019851	-0.0020402
8.728	0.032707	207.9	0.90816	0.00040434	0.0019379	-0.0022456
8.73	0.029045	207.36	0.86715	0.00094055	0.0018908	-0.0024509
8.732	0.026094	206.76	0.8156	0.0012022	0.001862	-0.0024894
8.734	0.024337	206.1	0.76406	0.0014638	0.0018332	-0.0025279
8.736	0.024012	205.38	0.70933	0.0017254	0.0018044	-0.0025664
8.738	0.025069	204.61	0.65141	0.001987	0.0017756	-0.0026049
8.74	0.027175	203.78	0.59348	0.0022486	0.0017468	-0.0026434
8.742	0.029784	202.9	0.53491	0.0020473	0.0017386	-0.0024497
8.744	0.032248	201.97	0.47634	0.001846	0.0017305	-0.002256
8.746	0.033951	200.99	0.42037	0.0016447	0.0017223	-0.0020623
8.748	0.034432	199.96	0.367	0.0014435	0.0017142	-0.0018686
8.75	0.033474	198.89	0.31362	0.0012422	0.001706	-0.0016749
8.752	0.031151	197.77	0.26999	0.00060778	0.0014923	-0.0012568
8.754	0.027805	196.62	0.22636	-2.6607e-05	0.0012786	-0.00083865
8.756	0.023987	195.42	0.18879	-0.00066099	0.0010649	-0.00042053
8.758	0.020342	194.2	0.15728	-0.0012954	0.00085118	-2.4154e-06
8.76	0.017495	192.95	0.12577	-0.0019298	0.00063747	0.0004157
8.762	0.015939	191.67	0.10653	-0.0027469	0.00016635	0.00093564
8.764	0.01595	190.38	0.087286	-0.003564	-0.00030477	0.0014556
8.766	0.01755	189.06	0.073447	-0.0043811	-0.00077589	0.0019755
8.768	0.020509	187.74	0.065014	-0.0051982	-0.001247	0.0024955
8.77	0.024395	186.42	0.056581	-0.0060153	-0.0017181	0.0030154
8.772	0.028657	185.09	0.05691	-0.0065983	-0.0021495	0.0033683
8.774	0.032713	183.77	0.057239	-0.0071814	-0.0025808	0.0037212
8.776	0.036035	182.47	0.06106	-0.0077645	-0.0030122	0.0040742
8.778	0.038233	181.17	0.068372	-0.0083476	-0.0034435	0.0044271
8.78	0.039091	179.9	0.075685	-0.0089306	-0.0038749	0.00478
8.782	0.038584	178.66	0.088825	-0.0088732	-0.0039544	0.0046894
8.784	0.03687	177.45	0.10196	-0.0088158	-0.0040339	0.0045988
8.786	0.03425	176.27	0.11762	-0.0087584	-0.0041135	0.0045082
8.788	0.031121	175.14	0.1358	-0.008701	-0.004193	0.0044176
8.79	0.027922	174.05	0.15398	-0.0086436	-0.0042725	0.004327
8.792	0.025071	173.02	0.17613	-0.0078632	-0.0040335	0.0037709
8.794	0.022925	172.04	0.19828	-0.0070828	-0.0037944	0.0032148
8.796	0.021734	171.12	0.22142	-0.0063024	-0.0035553	0.0026587
8.798	0.021613	170.25	0.24557	-0.0055219	-0.0033162	0.0021026
8.8	0.022534	169.46	0.26971	-0.0047415	-0.0030772	0.0015465
8.802	0.024329	168.73	0.29281	-0.00363	-0.0028113	0.00085138
8.804	0.026709	168.07	0.31591	-0.0025184	-0.0025455	0.00015621
8.806	0.029298	167.47	0.33667	-0.0014069	-0.0022797	-0.00053896
8.808	0.031692	166.95	0.3551	-0.00029535	-0.0020139	-0.0012341
8.81	0.033509	166.5	0.37354	0.0008162	-0.0017481	-0.0019293
8.812	0.034455	166.13	0.38413	0.001699	-0.0016623	-0.0023317
8.814	0.034371	165.82	0.39472	0.0025818	-0.0015766	-0.0027342
8.816	0.033263	165.59	0.4006	0.0034646	-0.0014909	-0.0031366
8.818	0.031312	165.42	0.40177	0.0043474	-0.0014052	-0.0035391
8.82	0.028848	165.32	0.40294	0.0052303	-0.0013195	-0.0039416
8.822	0.026301	165.28	0.39542	0.0056426	-0.0013938	-0.0038781
8.824	0.024127	165.31	0.3879	0.0060549	-0.0014681	-0.0038146
8.826	0.022729	165.39	0.37755	0.0064672	-0.0015423	-0.0037512
8.828	0.022391	165.53	0.36437	0.0068795	-0.0016166	-0.0036877
8.83	0.02322	165.72	0.35118	0.0072919	-0.0016909	-0.0036242
8.832	0.025133	165.96	0.33672	0.0074047	-0.0018025	-0.0032996
8.834	0.027873	166.25	0.32225	0.0075175	-0.0019142	-0.002975
8.836	0.031056	166.57	0.30931	0.0076304	-0.0020258	-0.0026504
8.838	0.034247	166.92	0.29787	0.0077432	-0.0021374	-0.0023257
8.84	0.037043	167.3	0.28644	0.0078561	-0.002249	-0.0020011
8.842	0.039136	167.72	0.28084	0.0078872	-0.002292	-0.0017586
8.844	0.040363	168.14	0.27524	0.0079184	-0.0023351	-0.0015161
8.846	0.040716	168.59	0.27278	0.0079496	-0.0023781	-0.0012736
8.848	0.040328	169.04	0.27347	0.0079807	-0.0024212	-0.0010311
8.85	0.039419	169.51	0.27416	0.0080119	-0.0024642	-0.00078857
8.852	0.03824	169.97	0.27936	0.0079027	-0.0023605	-0.00075219
8.854	0.037009	170.43	0.28457	0.0077934	-0.0022569	-0.0007158
8.856	0.035874	170.89	0.29054	0.0076842	-0.0021532	-0.00067942
8.858	0.034897	171.34	0.29728	0.0075749	-0.0020496	-0.00064303
8.86	0.034073	171.77	0.30402	0.0074657	-0.0019459	-0.00060665
8.862	0.033358	172.19	0.30954	0.0069943	-0.0016744	-0.00057485
8.864	0.032724	172.59	0.31505	0.006523	-0.001403	-0.00054306
8.866	0.032194	172.97	0.31931	0.0060516	-0.0011315	-0.00051126
8.868	0.031866	173.32	0.32233	0.0055803	-0.00086002	-0.00047946
8.87	0.031902	173.65	0.32535	0.0051089	-0.00058856	-0.00044767
8.872	0.032488	173.95	0.32662	0.0042788	-0.00024402	-0.00018262
8.874	0.033777	174.23	0.32788	0.0034488	0.00010051	8.2427e-05
8.876	0.03582	174.48	0.3294	0.0026187	0.00044504	0.00034747
8.878	0.038516	174.7	0.33117	0.0017886	0.00078958	0.00061252
8.88	0.041596	174.89	0.33294	0.00095854	0.0011341	0.00087757
8.882	0.044641	175.05	0.33776	0.00018075	0.0013828	0.0012741
8.884	0.047154	175.18	0.34257	-0.00059703	0.0016315	0.0016707
8.886	0.048657	175.28	0.34956	-0.0013748	0.0018801	0.0020673
8.888	0.048805	175.36	0.35873	-0.0021526	0.0021288	0.0024639
8.89	0.047474	175.41	0.36789	-0.0029304	0.0023775	0.0028605
8.892	0.044823	175.44	0.38044	-0.0031138	0.0024224	0.0029873
8.894	0.041293	175.44	0.39299	-0.0032971	0.0024674	0.0031141
8.896	0.037537	175.42	0.40555	-0.0034805	0.0025124	0.0032409
8.898	0.034302	175.38	0.41812	-0.0036639	0.0025573	0.0033677
8.9	0.032278	175.31	0.43069	-0.0038473	0.0026023	0.0034945
8.902	0.031954	175.23	0.43847	-0.0032546	0.0024638	0.0031383
8.904	0.033499	175.13	0.44625	-0.0026619	0.0023253	0.0027821
8.906	0.03671	175.01	0.4493	-0.0020693	0.0021868	0.0024258
8.908	0.041047	174.88	0.44763	-0.0014766	0.0020483	0.0020696
8.91	0.045729	174.73	0.44596	-0.00088394	0.0019098	0.0017134
8.912	0.0499	174.57	0.43204	0.0001077	0.0016698	0.0011683
8.914	0.052801	174.39	0.41813	0.0010993	0.0014298	0.00062308
8.916	0.053943	174.2	0.39815	0.002091	0.0011897	7.7897e-05
8.918	0.053214	174	0.37213	0.0030826	0.00094971	-0.00046728
8.92	0.050903	173.78	0.3461	0.0040742	0.00070969	-0.0010125
8.922	0.047639	173.55	0.31107	0.0048612	0.00043533	-0.0012609
8.924	0.044256	173.31	0.27604	0.0056482	0.00016097	-0.0015093
8.926	0.041601	173.05	0.23906	0.0064352	-0.00011338	-0.0017577
8.928	0.040344	172.78	0.20014	0.0072221	-0.00038774	-0.0020061
8.93	0.040822	172.49	0.16121	0.0080091	-0.00066209	-0.0022545
8.932	0.042963	172.18	0.12388	0.0082657	-0.00089715	-0.0020838
8.934	0.046296	171.86	0.086559	0.0085224	-0.0011322	-0.0019131
8.936	0.050057	171.51	0.0522	0.008779	-0.0013672	-0.0017423
8.938	0.053367	171.15	0.020807	0.0090356	-0.0016023	-0.0015716
8.94	0.055436	170.76	-0.010587	0.0092922	-0.0018374	-0.0014009
8.942	0.055744	170.35	-0.033823	0.0090923	-0.0019276	-0.0011269
8.944	0.05417	169.91	-0.057059	0.0088924	-0.0020178	-0.0008529
8.946	0.051028	169.45	-0.076168	0.0086925	-0.0021081	-0.00057892
8.948	0.046995	168.95	-0.091149	0.0084925	-0.0021983	-0.00030494
8.95	0.042965	168.43	-0.10613	0.0082926	-0.0022886	-3.0962e-05
8.952	0.039838	167.88	-0.1141	0.0078346	-0.0021873	2.9302e-05
8.954	0.038315	167.29	-0.12207	0.0073766	-0.002086	8.9566e-05
8.956	0.038729	166.67	-0.12725	0.0069186	-0.0019848	0.00014983
8.958	0.040966	166.01	-0.12965	0.0064606	-0.0018835	0.00021009
8.96	0.04448	165.32	-0.13205	0.0060026	-0.0017822	0.00027036
8.962	0.04841	164.6	-0.12959	0.0054221	-0.0015865	0.00013559
8.964	0.051778	163.83	-0.12712	0.0048415	-0.0013907	8.2881e-07
8.966	0.053707	163.03	-0.12205	0.0042609	-0.0011949	-0.00013394
8.968	0.053621	162.18	-0.11438	0.0036804	-0.00099907	-0.0002687
8.97	0.051376	161.3	-0.10671	0.0030998	-0.00080328	-0.00040346
8.972	0.047301	160.38	-0.092867	0.0025425	-0.00064276	-0.00049719
8.974	0.042121	159.43	-0.079026	0.0019852	-0.00048223	-0.00059093
8.976	0.036798	158.43	-0.061758	0.0014279	-0.0003217	-0.00068466
8.978	0.032311	157.4	-0.041065	0.0008706	-0.00016118	-0.00077839
8.98	0.029443	156.33	-0.020371	0.00031329	-6.5109e-07	-0.00087212
8.982	0.028602	155.23	0.0066592	-5.0889e-05	0.00014036	-0.00079069
8.984	0.029737	154.09	0.03369	-0.00041507	0.00028138	-0.00070927
8.986	0.03235	152.92	0.062799	-0.00077925	0.00042239	-0.00062784
8.988	0.035621	151.71	0.093988	-0.0011434	0.00056341	-0.00054641
8.99	0.038603	150.47	0.12518	-0.0015076	0.00070443	-0.00046499
8.992	0.040434	149.21	0.1569	-0.0016326	0.00093763	-0.00032074
8.994	0.040548	147.91	0.18863	-0.0017575	0.0011708	-0.00017648
8.996	0.038801	146.59	0.21849	-0.0018825	0.001404	-3.2231e-05
8.998	0.035513	145.25	0.2465	-0.0020074	0.0016373	0.00011202
9	0.031397	143.87	0.2745	-0.0021324	0.0018705	0.00025627
9.002	0.027395	142.48	0.29495	-0.0020953	0.0021833	0.00023099
9.004	0.02447	141.06	0.31539	-0.0020582	0.0024961	0.0002057
9.006	0.023398	139.63	0.33075	-0.0020212	0.0028089	0.00018041
9.008	0.024586	138.17	0.34102	-0.0019841	0.0031217	0.00015512
9.01	0.027989	136.69	0.3513	-0.001947	0.0034345	0.00012984
9.012	0.033115	135.2	0.35031	-0.0017666	0.0036488	-0.00015784
9.014	0.039139	133.69	0.34933	-0.0015862	0.0038632	-0.00044552
9.016	0.045075	132.17	0.34277	-0.0014057	0.0040775	-0.0007332
9.018	0.04999	130.62	0.33064	-0.0012253	0.0042919	-0.0010209
9.02	0.053195	129.07	0.31851	-0.0010449	0.0045063	-0.0013086
9.022	0.054379	127.5	0.29591	-0.00069725	0.0044839	-0.0016695
9.024	0.053662	125.91	0.27331	-0.00034961	0.0044614	-0.0020303
9.026	0.05155	124.31	0.24579	-1.9836e-06	0.004439	-0.0023912
9.028	0.048814	122.7	0.21335	0.00034565	0.0044166	-0.0027521
9.03	0.046319	121.07	0.18091	0.00069328	0.0043942	-0.003113
9.032	0.044839	119.43	0.13907	0.0010289	0.0041879	-0.0032321
9.034	0.044913	117.77	0.097224	0.0013645	0.0039815	-0.0033513
9.036	0.046744	116.1	0.050969	0.0017002	0.0037752	-0.0034704
9.038	0.05019	114.41	0.00030044	0.0020358	0.0035688	-0.0035895
9.04	0.054824	112.71	-0.050368	0.0023714	0.0033625	-0.0037086
9.042	0.06004	110.99	-0.10844	0.0023323	0.0031293	-0.0034583
9.044	0.065197	109.26	-0.16652	0.0022931	0.0028961	-0.003208
9.046	0.069743	107.51	-0.22686	0.002254	0.0026629	-0.0029577
9.048	0.07331	105.74	-0.28947	0.0022148	0.0024297	-0.0027075
9.05	0.075748	103.96	-0.35208	0.0021756	0.0021964	-0.0024572
9.052	0.077113	102.16	-0.41481	0.0016664	0.0020275	-0.002019
9.054	0.077604	100.34	-0.47755	0.0011572	0.0018585	-0.0015808
9.056	0.077478	98.505	-0.53768	0.00064804	0.0016896	-0.0011427
9.058	0.07697	96.655	-0.59523	0.00013885	0.0015206	-0.00070448
9.06	0.076238	94.79	-0.65277	-0.00037035	0.0013517	-0.00026631
9.062	0.075343	92.909	-0.70016	-0.00090608	0.0012391	5.6848e-05
9.064	0.074274	91.014	-0.74756	-0.0014418	0.0011266	0.00038001
9.066	0.072989	89.105	-0.78832	-0.0019775	0.001014	0.00070316
9.068	0.071479	87.184	-0.82243	-0.0025132	0.00090143	0.0010263
9.07	0.069813	85.251	-0.85654	-0.003049	0.00078887	0.0013495
9.072	0.068152	83.307	-0.87706	-0.0030759	0.00072449	0.0014086
9.074	0.06673	81.354	-0.89758	-0.0031028	0.00066011	0.0014678
9.076	0.065795	79.395	-0.91266	-0.0031296	0.00059573	0.0015269
9.078	0.065533	77.428	-0.9223	-0.0031565	0.00053134	0.0015861
9.08	0.065987	75.458	-0.93194	-0.0031834	0.00046696	0.0016452
9.082	0.067008	73.484	-0.93554	-0.0027503	0.0004962	0.001538
9.084	0.068244	71.51	-0.93914	-0.0023171	0.00052544	0.0014309
9.086	0.069184	69.537	-0.94242	-0.0018839	0.00055467	0.0013237
9.088	0.069246	67.567	-0.9454	-0.0014507	0.00058391	0.0012165
9.09	0.0679	65.601	-0.94837	-0.0010175	0.00061315	0.0011093
9.092	0.064794	63.643	-0.95498	-0.00070409	0.00074978	0.001016
9.094	0.059852	61.692	-0.96158	-0.00039065	0.00088641	0.00092264
9.096	0.05332	59.753	-0.97095	-7.7207e-05	0.001023	0.0008293
9.098	0.045753	57.825	-0.98309	0.00023624	0.0011597	0.00073596
9.1	0.037924	55.911	-0.99523	0.00054968	0.0012963	0.00064262
9.102	0.030687	54.011	-1.0123	0.00040648	0.0014187	0.00058876
9.104	0.024819	52.129	-1.0293	0.00026328	0.001541	0.00053489
9.106	0.020864	50.263	-1.0476	0.00012008	0.0016634	0.00048103
9.108	0.019014	48.417	-1.0672	-2.3124e-05	0.0017858	0.00042717
9.11	0.019073	46.591	-1.0867	-0.00016632	0.0019081	0.0003733
9.112	0.020476	44.785	-1.1062	-0.00043131	0.0018413	0.00022618
9.114	0.022392	43.001	-1.1257	-0.0006963	0.0017745	7.9057e-05
9.116	0.02386	41.237	-1.1443	-0.00096129	0.0017077	-6.8065e-05
9.118	0.023957	39.496	-1.1621	-0.0012263	0.0016409	-0.00021519
9.12	0.021941	37.776	-1.1799	-0.0014913	0.0015741	-0.00036231
9.122	0.017353	36.078	-1.1965	-0.0013735	0.0013212	-0.00063743
9.124	0.010046	34.4	-1.2131	-0.0012558	0.0010683	-0.00091255
9.126	0.00016476	32.744	-1.2302	-0.001138	0.00081542	-0.0011877
9.128	-0.011934	31.106	-1.2477	-0.0010202	0.00056254	-0.0014628
9.13	-0.025793	29.488	-1.2652	-0.00090249	0.00030966	-0.0017379
9.132	-0.040956	27.886	-1.2864	-0.00041151	9.4716e-05	-0.0019528
9.134	-0.057048	26.302	-1.3075	7.9466e-05	-0.00012022	-0.0021676
9.136	-0.073809	24.732	-1.3316	0.00057045	-0.00033517	-0.0023825
9.138	-0.091062	23.176	-1.3584	0.0010614	-0.00055011	-0.0025973
9.14	-0.10866	21.63	-1.3853	0.0015524	-0.00076505	-0.0028122
9.142	-0.12638	20.096	-1.4179	0.0019757	-0.00077438	-0.0027915
9.144	-0.14386	18.569	-1.4504	0.0023991	-0.00078372	-0.0027707
9.146	-0.16052	17.049	-1.4848	0.0028224	-0.00079306	-0.00275
9.148	-0.17557	15.532	-1.5209	0.0032458	-0.0008024	-0.0027293
9.15	-0.18808	14.019	-1.5571	0.0036691	-0.00081174	-0.0027085
9.152	-0.19706	12.506	-1.593	0.0037847	-0.00072263	-0.0025354
9.154	-0.20162	10.992	-1.6289	0.0039003	-0.00063353	-0.0023623
9.156	-0.20112	9.4739	-1.6627	0.0040159	-0.00054443	-0.0021892
9.158	-0.19532	7.9521	-1.6944	0.0041315	-0.00045533	-0.002016
9.16	-0.18441	6.4228	-1.7261	0.0042471	-0.00036623	-0.0018429
9.162	-0.16906	4.8861	-1.7509	0.0042564	-0.00040129	-0.0017446
9.164	-0.15032	3.339	-1.7756	0.0042656	-0.00043636	-0.0016463
9.166	-0.12953	1.7814	-1.7967	0.0042749	-0.00047142	-0.001548
9.168	-0.10815	0.21087	-1.8141	0.0042841	-0.00050648	-0.0014497
9.17	-0.08755	-1.3726	-1.8314	0.0042934	-0.00054154	-0.0013514
9.172	-0.068884	-2.971	-1.8433	0.0044416	-0.00075756	-0.0014182
9.174	-0.052961	-4.5843	-1.8552	0.0045897	-0.00097358	-0.001485
9.176	-0.040186	-6.2139	-1.866	0.0047379	-0.0011896	-0.0015518
9.178	-0.030557	-7.8596	-1.8757	0.004886	-0.0014056	-0.0016186
9.18	-0.023725	-9.5223	-1.8854	0.0050342	-0.0016216	-0.0016854
9.182	-0.019092	-11.202	-1.8964	0.0052168	-0.0018768	-0.0018057
9.184	-0.01593	-12.899	-1.9074	0.0053993	-0.002132	-0.001926
9.186	-0.013496	-14.612	-1.9201	0.0055819	-0.0023871	-0.0020463
9.188	-0.011137	-16.342	-1.9345	0.0057645	-0.0026423	-0.0021666
9.19	-0.0083677	-18.088	-1.9489	0.005947	-0.0028975	-0.0022869
9.192	-0.0049114	-19.85	-1.9668	0.0057977	-0.0029991	-0.0023029
9.194	-0.00070699	-21.627	-1.9848	0.0056485	-0.0031007	-0.0023189
9.196	0.0041084	-23.418	-2.0037	0.0054992	-0.0032024	-0.0023349
9.198	0.0092408	-25.222	-2.0236	0.0053499	-0.003304	-0.0023509
9.2	0.014298	-27.038	-2.0435	0.0052007	-0.0034056	-0.0023669
9.202	0.018856	-28.866	-2.0627	0.0044692	-0.0032169	-0.0022042
9.204	0.022529	-30.704	-2.082	0.0037377	-0.0030282	-0.0020416
9.206	0.025028	-32.551	-2.0999	0.0030062	-0.0028395	-0.0018789
9.208	0.026218	-34.405	-2.1164	0.0022747	-0.0026509	-0.0017163
9.21	0.026147	-36.267	-2.1329	0.0015433	-0.0024622	-0.0015536
9.212	0.025056	-38.134	-2.1458	0.00037347	-0.001993	-0.0012203
9.214	0.023354	-40.005	-2.1588	-0.00079632	-0.0015238	-0.0008869
9.216	0.021568	-41.879	-2.1703	-0.0019661	-0.0010546	-0.00055353
9.218	0.02026	-43.756	-2.1805	-0.0031359	-0.00058547	-0.00022016
9.22	0.019933	-45.634	-2.1906	-0.0043057	-0.00011629	0.0001132
9.222	0.020933	-47.512	-2.1999	-0.0053954	0.00037108	0.00057384
9.224	0.023374	-49.389	-2.2091	-0.0064852	0.00085845	0.0010345
9.226	0.027089	-51.266	-2.2189	-0.0075749	0.0013458	0.0014951
9.228	0.031642	-53.14	-2.2293	-0.0086647	0.0018332	0.0019557
9.23	0.036381	-55.012	-2.2396	-0.0097544	0.0023206	0.0024164
9.232	0.04055	-56.881	-2.2522	-0.0102	0.0024111	0.0029217
9.234	0.043416	-58.747	-2.2647	-0.010645	0.0025016	0.0034271
9.236	0.044418	-60.611	-2.2782	-0.01109	0.0025922	0.0039325
9.238	0.043279	-62.472	-2.2926	-0.011535	0.0026827	0.0044379
9.24	0.040077	-64.33	-2.307	-0.01198	0.0027732	0.0049432
9.242	0.035238	-66.187	-2.3215	-0.011592	0.0022974	0.0053298
9.244	0.029471	-68.042	-2.336	-0.011204	0.0018215	0.0057164
9.246	0.023631	-69.896	-2.3496	-0.010816	0.0013456	0.006103
9.248	0.018558	-71.751	-2.3621	-0.010428	0.00086975	0.0064896
9.25	0.0149	-73.607	-2.3747	-0.01004	0.00039388	0.0068762
9.252	0.01298	-75.467	-2.3838	-0.009139	-0.00029973	0.0069244
9.254	0.012733	-77.329	-2.3929	-0.0082385	-0.00099334	0.0069726
9.256	0.013715	-79.198	-2.4002	-0.0073379	-0.0016869	0.0070208
9.258	0.015193	-81.073	-2.4058	-0.0064374	-0.0023806	0.007069
9.26	0.016306	-82.958	-2.4114	-0.0055368	-0.0030742	0.0071172
9.262	0.016254	-84.852	-2.4152	-0.0046375	-0.0034178	0.0067085
9.264	0.014473	-86.76	-2.419	-0.0037383	-0.0037615	0.0062998
9.266	0.010759	-88.68	-2.4233	-0.002839	-0.0041052	0.0058911
9.268	0.0053185	-90.618	-2.4281	-0.0019398	-0.0044489	0.0054824
9.27	-0.0012732	-92.572	-2.433	-0.0010405	-0.0047926	0.0050737
9.272	-0.0082008	-94.546	-2.4419	-0.00041953	-0.0045753	0.004351
9.274	-0.014586	-96.54	-2.4508	0.00020148	-0.004358	0.0036282
9.276	-0.019682	-98.558	-2.4627	0.00082248	-0.0041407	0.0029054
9.278	-0.023044	-100.6	-2.4776	0.0014435	-0.0039234	0.0021826
9.28	-0.024622	-102.66	-2.4926	0.0020645	-0.0037061	0.0014599
9.282	-0.024775	-104.76	-2.5139	0.0024316	-0.0032136	0.00076893
9.284	-0.024192	-106.88	-2.5351	0.0027988	-0.0027211	7.7991e-05
9.286	-0.023733	-109.02	-2.5588	0.0031659	-0.0022286	-0.00061295
9.288	-0.02424	-111.2	-2.5847	0.003533	-0.001736	-0.0013039
9.29	-0.026348	-113.4	-2.6107	0.0039002	-0.0012435	-0.0019948
9.292	-0.030355	-115.62	-2.6384	0.0040417	-0.00086002	-0.0023571
9.294	-0.036157	-117.88	-2.6661	0.0041832	-0.00047651	-0.0027194
9.296	-0.043288	-120.16	-2.6929	0.0043246	-9.2996e-05	-0.0030817
9.298	-0.051035	-122.46	-2.7189	0.0044661	0.00029052	-0.003444
9.3	-0.05861	-124.78	-2.7449	0.0046076	0.00067403	-0.0038064
9.302	-0.065334	-127.12	-2.7661	0.0043963	0.00083211	-0.0037695
9.304	-0.070789	-129.48	-2.7873	0.004185	0.0009902	-0.0037326
9.306	-0.074903	-131.84	-2.8049	0.0039737	0.0011483	-0.0036958
9.308	-0.077953	-134.21	-2.8188	0.0037624	0.0013064	-0.0036589
9.31	-0.080479	-136.59	-2.8328	0.0035511	0.0014645	-0.003622
9.312	-0.083131	-138.96	-2.8375	0.0029558	0.0015138	-0.0033261
9.314	-0.086504	-141.33	-2.8423	0.0023606	0.0015631	-0.0030301
9.316	-0.090978	-143.67	-2.8414	0.0017653	0.0016124	-0.0027342
9.318	-0.09662	-146	-2.835	0.00117	0.0016617	-0.0024382
9.32	-0.10317	-148.3	-2.8285	0.00057474	0.0017111	-0.0021423
9.322	-0.11009	-150.56	-2.8083	-8.0497e-05	0.001762	-0.0018319
9.324	-0.11675	-152.77	-2.788	-0.00073574	0.0018129	-0.0015216
9.326	-0.12254	-154.94	-2.7591	-0.001391	0.0018639	-0.0012112
9.328	-0.12705	-157.04	-2.7216	-0.0020462	0.0019148	-0.00090089
9.33	-0.13023	-159.07	-2.6841	-0.0027015	0.0019658	-0.00059054
9.332	-0.13234	-161.01	-2.6256	-0.0029466	0.0020055	-0.00047177
9.334	-0.13397	-162.87	-2.5671	-0.0031917	0.0020453	-0.00035301
9.336	-0.13586	-164.63	-2.4967	-0.0034368	0.0020851	-0.00023424
9.338	-0.13871	-166.28	-2.4143	-0.0036819	0.0021248	-0.00011548
9.34	-0.14307	-167.8	-2.3319	-0.003927	0.0021646	3.291e-06
9.342	-0.14909	-169.2	-2.2247	-0.0036086	0.0021287	-8.777e-05
9.344	-0.15657	-170.46	-2.1175	-0.0032903	0.0020928	-0.00017883
9.346	-0.1649	-171.57	-1.9991	-0.0029719	0.0020569	-0.00026989
9.348	-0.17324	-172.51	-1.8694	-0.0026536	0.002021	-0.00036095
9.35	-0.18069	-173.29	-1.7397	-0.0023352	0.0019851	-0.00045202
9.352	-0.18648	-173.89	-1.5932	-0.0017492	0.0018541	-0.00058748
9.354	-0.19016	-174.31	-1.4468	-0.0011632	0.001723	-0.00072295
9.356	-0.1917	-174.53	-1.2962	-0.00057722	0.001592	-0.00085842
9.358	-0.19149	-174.56	-1.1416	8.767e-06	0.0014609	-0.00099389
9.36	-0.19025	-174.37	-0.98689	0.00059476	0.0013298	-0.0011294
9.362	-0.18885	-173.97	-0.83387	0.0010164	0.0011324	-0.0011703
9.364	-0.18815	-173.35	-0.68086	0.0014381	0.00093497	-0.0012113
9.366	-0.18872	-172.5	-0.53331	0.0018597	0.00073753	-0.0012523
9.368	-0.19076	-171.42	-0.39121	0.0022814	0.00054008	-0.0012933
9.37	-0.19406	-170.12	-0.2491	0.002703	0.00034264	-0.0013342
9.372	-0.19799	-168.57	-0.12475	0.0027634	0.00013825	-0.00133
9.374	-0.20174	-166.79	-0.00039382	0.0028237	-6.6138e-05	-0.0013257
9.376	-0.20444	-164.77	0.11345	0.002884	-0.00027053	-0.0013214
9.378	-0.2054	-162.52	0.21678	0.0029444	-0.00047492	-0.0013171
9.38	-0.20431	-160.02	0.3201	0.0030047	-0.00067931	-0.0013129
9.382	-0.20128	-157.3	0.40284	0.0028434	-0.00078645	-0.0013958
9.384	-0.19682	-154.34	0.48559	0.0026822	-0.00089359	-0.0014787
9.386	-0.19175	-151.15	0.55974	0.0025209	-0.0010007	-0.0015617
9.388	-0.18699	-147.74	0.6253	0.0023597	-0.0011079	-0.0016446
9.39	-0.18333	-144.11	0.69086	0.0021984	-0.001215	-0.0017276
9.392	-0.18124	-140.27	0.74423	0.0021143	-0.0011387	-0.0019149
9.394	-0.18077	-136.22	0.7976	0.0020302	-0.0010625	-0.0021022
9.396	-0.18149	-131.98	0.84741	0.0019461	-0.00098621	-0.0022894
9.398	-0.18263	-127.54	0.89367	0.001862	-0.00090995	-0.0024767
9.4	-0.18321	-122.92	0.93993	0.0017779	-0.00083368	-0.002664
9.402	-0.18228	-118.13	0.98305	0.0019626	-0.0006281	-0.0028505
9.404	-0.17915	-113.18	1.0262	0.0021473	-0.00042252	-0.003037
9.406	-0.17356	-108.07	1.0689	0.002332	-0.00021695	-0.0032234
9.408	-0.16571	-102.82	1.1112	0.0025167	-1.1367e-05	-0.0034099
9.41	-0.15628	-97.437	1.1535	0.0027014	0.00019421	-0.0035964
9.412	-0.14624	-91.938	1.1956	0.0030832	0.00037943	-0.0037018
9.414	-0.13662	-86.324	1.2378	0.003465	0.00056465	-0.0038072
9.416	-0.12835	-80.617	1.2797	0.0038468	0.00074986	-0.0039126
9.418	-0.12199	-74.817	1.3213	0.0042286	0.00093508	-0.0040179
9.42	-0.11761	-68.945	1.3629	0.0046104	0.0011203	-0.0041233
9.422	-0.11481	-63.003	1.403	0.0048897	0.0012303	-0.0041515
9.424	-0.11279	-57.012	1.4431	0.0051691	0.0013404	-0.0041796
9.426	-0.11054	-50.971	1.4819	0.0054485	0.0014504	-0.0042077
9.428	-0.10707	-44.903	1.5195	0.0057279	0.0015605	-0.0042359
9.43	-0.1016	-38.805	1.5571	0.0060072	0.0016705	-0.004264
9.432	-0.093786	-32.7	1.5912	0.0058675	0.0017526	-0.0042174
9.434	-0.083742	-26.585	1.6254	0.0057277	0.0018347	-0.0041708
9.436	-0.072047	-20.48	1.6575	0.0055879	0.0019168	-0.0041241
9.438	-0.059596	-14.384	1.6875	0.0054481	0.0019989	-0.0040775
9.44	-0.047414	-8.3142	1.7175	0.0053083	0.002081	-0.0040308
9.442	-0.036443	-2.2704	1.7424	0.0046993	0.0020963	-0.0038361
9.444	-0.027351	3.7328	1.7672	0.0040903	0.0021116	-0.0036414
9.446	-0.020413	9.6952	1.7891	0.0034813	0.002127	-0.0034466
9.448	-0.015479	15.604	1.8079	0.0028722	0.0021423	-0.0032519
9.45	-0.012047	21.459	1.8267	0.0022632	0.0021577	-0.0030571
9.452	-0.0093981	27.249	1.8387	0.00152	0.0019858	-0.0026168
9.454	-0.0067714	32.974	1.8507	0.00077672	0.001814	-0.0021765
9.456	-0.0035404	38.624	1.8592	3.3464e-05	0.0016421	-0.0017362
9.458	0.00065812	44.199	1.8642	-0.00070979	0.0014703	-0.0012958
9.46	0.0058673	49.692	1.8691	-0.001453	0.0012985	-0.00085551
9.462	0.011833	55.102	1.868	-0.0018782	0.00097329	-0.00018413
9.464	0.018096	60.421	1.8669	-0.0023034	0.00064813	0.00048726
9.466	0.024126	65.651	1.8639	-0.0027286	0.00032296	0.0011587
9.468	0.02947	70.785	1.8588	-0.0031538	-2.2117e-06	0.00183
9.47	0.033859	75.824	1.8538	-0.003579	-0.00032738	0.0025014
9.472	0.037268	80.762	1.848	-0.0035918	-0.00059105	0.0032023
9.474	0.039909	85.599	1.8422	-0.0036047	-0.00085471	0.0039032
9.476	0.042155	90.331	1.8376	-0.0036175	-0.0011184	0.0046041
9.478	0.044427	94.959	1.8344	-0.0036304	-0.001382	0.005305
9.48	0.047072	99.479	1.8311	-0.0036433	-0.0016457	0.0060059
9.482	0.050256	103.89	1.8329	-0.0036223	-0.0017449	0.0064643
9.484	0.053915	108.19	1.8347	-0.0036014	-0.0018442	0.0069227
9.486	0.057766	112.38	1.8392	-0.0035805	-0.0019434	0.0073812
9.488	0.06137	116.46	1.8466	-0.0035596	-0.0020426	0.0078396
9.49	0.064248	120.42	1.8539	-0.0035386	-0.0021418	0.008298
9.492	0.066006	124.26	1.8649	-0.0038585	-0.0022391	0.0084048
9.494	0.066439	127.99	1.8759	-0.0041783	-0.0023364	0.0085115
9.496	0.065601	131.61	1.8865	-0.0044981	-0.0024336	0.0086182
9.498	0.063806	135.11	1.8969	-0.004818	-0.0025309	0.008725
9.5	0.061568	138.49	1.9072	-0.0051378	-0.0026281	0.0088317
9.502	0.059499	141.75	1.9114	-0.005681	-0.0028954	0.0087008
9.504	0.05818	144.89	1.9155	-0.0062241	-0.0031626	0.0085698
9.506	0.058035	147.92	1.9139	-0.0067673	-0.0034299	0.0084389
9.508	0.059248	150.83	1.9064	-0.0073105	-0.0036972	0.008308
9.51	0.061732	153.62	1.899	-0.0078536	-0.0039644	0.008177
9.512	0.065147	156.3	1.8767	-0.0081546	-0.004265	0.0079418
9.514	0.068983	158.86	1.8543	-0.0084555	-0.0045656	0.0077065
9.516	0.072673	161.31	1.8243	-0.0087565	-0.0048662	0.0074712
9.518	0.075705	163.65	1.7867	-0.0090574	-0.0051668	0.007236
9.52	0.077721	165.88	1.749	-0.0093583	-0.0054674	0.0070007
9.522	0.078572	167.99	1.6994	-0.0091543	-0.0054343	0.0066706
9.524	0.078327	170.01	1.6497	-0.0089502	-0.0054011	0.0063406
9.526	0.077227	171.92	1.5971	-0.0087461	-0.005368	0.0060105
9.528	0.075617	173.73	1.5414	-0.0085421	-0.0053349	0.0056804
9.53	0.073854	175.44	1.4857	-0.008338	-0.0053018	0.0053503
9.532	0.072234	177.06	1.4311	-0.0078137	-0.0047584	0.0049421
9.534	0.070935	178.59	1.3766	-0.0072895	-0.004215	0.0045338
9.536	0.070007	180.04	1.3258	-0.0067652	-0.0036716	0.0041255
9.538	0.069395	181.4	1.2788	-0.006241	-0.0031282	0.0037173
9.54	0.068978	182.68	1.2318	-0.0057167	-0.0025848	0.003309
9.542	0.068632	183.88	1.1964	-0.0052215	-0.0018032	0.002947
9.544	0.068277	185.02	1.1609	-0.0047263	-0.0010215	0.002585
9.546	0.067905	186.09	1.1315	-0.0042311	-0.00023993	0.002223
9.548	0.06757	187.09	1.1083	-0.0037358	0.00054168	0.001861
9.55	0.067367	188.04	1.085	-0.0032406	0.0013233	0.001499
9.552	0.06738	188.93	1.0713	-0.0029073	0.0018539	0.0012464
9.554	0.067639	189.77	1.0577	-0.002574	0.0023845	0.00099387
9.556	0.068077	190.57	1.0466	-0.0022408	0.0029151	0.00074131
9.558	0.068529	191.32	1.0379	-0.0019075	0.0034457	0.00048875
9.56	0.068756	192.03	1.0293	-0.0015742	0.0039763	0.0002362
9.562	0.068494	192.7	1.0207	-0.0013014	0.0040068	-1.7809e-05
9.564	0.067517	193.33	1.0121	-0.0010286	0.0040373	-0.00027181
9.566	0.065708	193.93	1.0017	-0.00075584	0.0040678	-0.00052582
9.568	0.063104	194.5	0.98945	-0.00048304	0.0040983	-0.00077982
9.57	0.059907	195.04	0.97718	-0.00021025	0.0041287	-0.0010338
9.572	0.056458	195.54	0.95979	7.7683e-05	0.0038137	-0.0013656
9.574	0.053183	196.02	0.9424	0.00036562	0.0034986	-0.0016974
9.576	0.050507	196.47	0.92292	0.00065355	0.0031835	-0.0020292
9.578	0.048764	196.89	0.90135	0.00094149	0.0028684	-0.0023609
9.58	0.048129	197.27	0.87977	0.0012294	0.0025534	-0.0026927
9.582	0.048574	197.63	0.85658	0.0014917	0.0021985	-0.0029709
9.584	0.049874	197.95	0.83339	0.0017539	0.0018437	-0.0032491
9.586	0.051641	198.24	0.81083	0.0020162	0.0014888	-0.0035273
9.588	0.053408	198.48	0.7889	0.0022784	0.001134	-0.0038055
9.59	0.054716	198.69	0.76697	0.0025407	0.00077916	-0.0040837
9.592	0.055203	198.86	0.74818	0.0027669	0.00055168	-0.0041562
9.594	0.054671	198.98	0.72938	0.0029932	0.00032421	-0.0042287
9.596	0.053118	199.05	0.71216	0.0032195	9.6741e-05	-0.0043013
9.598	0.050729	199.07	0.69651	0.0034458	-0.00013073	-0.0043738
9.6	0.047832	199.03	0.68087	0.003672	-0.0003582	-0.0044463
9.602	0.044829	198.93	0.66651	0.0038765	-0.00045096	-0.0043586
9.604	0.042119	198.78	0.65214	0.0040809	-0.00054371	-0.0042709
9.606	0.040028	198.55	0.63688	0.0042854	-0.00063647	-0.0041833
9.608	0.038753	198.26	0.62073	0.0044898	-0.00072922	-0.0040956
9.61	0.038343	197.9	0.60458	0.0046942	-0.00082198	-0.0040079
9.612	0.038711	197.47	0.58355	0.0047003	-0.0008206	-0.0038763
9.614	0.039658	196.96	0.56252	0.0047064	-0.00081922	-0.0037446
9.616	0.04092	196.37	0.53811	0.0047124	-0.00081783	-0.003613
9.618	0.042218	195.71	0.51031	0.0047185	-0.00081645	-0.0034813
9.62	0.043303	194.97	0.48252	0.0047245	-0.00081507	-0.0033496
9.622	0.043983	194.16	0.44804	0.0042211	-0.00077461	-0.0031351
9.624	0.044137	193.27	0.41357	0.0037178	-0.00073416	-0.0029205
9.626	0.043725	192.3	0.37685	0.0032144	-0.0006937	-0.002706
9.628	0.04278	191.25	0.33788	0.0027111	-0.00065325	-0.0024914
9.63	0.041396	190.14	0.29891	0.0022077	-0.0006128	-0.0022769
9.632	0.03972	188.96	0.25919	0.0012189	-0.00058094	-0.001873
9.634	0.037936	187.71	0.21946	0.00023002	-0.00054909	-0.001469
9.636	0.036258	186.41	0.18149	-0.00075881	-0.00051724	-0.0010651
9.638	0.034901	185.04	0.14528	-0.0017476	-0.00048539	-0.00066121
9.64	0.034066	183.63	0.10907	-0.0027365	-0.00045354	-0.0002573
9.642	0.033907	182.17	0.080093	-0.0036119	-0.00039815	0.00023289
9.644	0.034502	180.67	0.051115	-0.0044874	-0.00034276	0.00072309
9.646	0.035824	179.14	0.026919	-0.0053628	-0.00028737	0.0012133
9.648	0.037728	177.59	0.0075049	-0.0062383	-0.00023198	0.0017035
9.65	0.039959	176.02	-0.011909	-0.0071137	-0.0001766	0.0021937
9.652	0.042179	174.44	-0.021165	-0.0071982	-2.6388e-05	0.0024394
9.654	0.044019	172.85	-0.030421	-0.0072827	0.00012382	0.0026852
9.656	0.045141	171.27	-0.035096	-0.0073672	0.00027403	0.0029309
9.658	0.045308	169.7	-0.035191	-0.0074517	0.00042424	0.0031767
9.66	0.044439	168.15	-0.035287	-0.0075362	0.00057444	0.0034224
9.662	0.042634	166.63	-0.028291	-0.0067758	0.00076325	0.0032044
9.664	0.040172	165.15	-0.021296	-0.0060154	0.00095205	0.0029863
9.666	0.037459	163.7	-0.012007	-0.005255	0.0011409	0.0027683
9.668	0.034955	162.31	-0.00042326	-0.0044946	0.0013297	0.0025502
9.67	0.033076	160.96	0.01116	-0.0037341	0.0015185	0.0023322
9.672	0.032113	159.68	0.024949	-0.0027312	0.0015614	0.0018363
9.674	0.03216	158.47	0.038738	-0.0017283	0.0016043	0.0013404
9.676	0.033092	157.32	0.052662	-0.00072544	0.0016472	0.00084454
9.678	0.034595	156.25	0.066722	0.00027746	0.0016901	0.00034866
9.68	0.036226	155.25	0.080781	0.0012804	0.001733	-0.00014721
9.682	0.037517	154.34	0.093712	0.001869	0.0015586	-0.00047357
9.684	0.03808	153.5	0.10664	0.0024577	0.0013841	-0.00079993
9.686	0.037701	152.75	0.11854	0.0030463	0.0012097	-0.0011263
9.688	0.036385	152.08	0.12942	0.0036349	0.0010353	-0.0014526
9.69	0.034356	151.5	0.14029	0.0042236	0.00086084	-0.001779
9.692	0.032001	150.99	0.14853	0.0041639	0.00064738	-0.0016699
9.694	0.029774	150.57	0.15678	0.0041041	0.00043393	-0.0015608
9.696	0.028082	150.23	0.16358	0.0040444	0.00022047	-0.0014516
9.698	0.027183	149.96	0.16894	0.0039847	7.018e-06	-0.0013425
9.7	0.027112	149.77	0.1743	0.0039249	-0.00020644	-0.0012334
9.702	0.027678	149.65	0.17684	0.0034029	-0.000216	-0.00083353
9.704	0.028505	149.59	0.17938	0.0028808	-0.00022557	-0.00043365
9.706	0.029135	149.59	0.18073	0.0023588	-0.00023513	-3.3768e-05
9.708	0.029156	149.65	0.1809	0.0018367	-0.0002447	0.00036611
9.71	0.02832	149.76	0.18107	0.0013146	-0.00025427	0.00076599
9.712	0.026632	149.92	0.17975	0.00069808	-1.7066e-05	0.001104
9.714	0.024378	150.12	0.17843	8.1534e-05	0.00022013	0.001442
9.716	0.02208	150.35	0.177	-0.00053502	0.00045733	0.00178
9.718	0.02039	150.62	0.17545	-0.0011516	0.00069453	0.0021181
9.72	0.019937	150.91	0.1739	-0.0017681	0.00093173	0.0024561
9.722	0.021175	151.22	0.17361	-0.002178	0.0012286	0.0025174
9.724	0.024247	151.55	0.17332	-0.0025878	0.0015254	0.0025786
9.726	0.02893	151.89	0.17443	-0.0029976	0.0018222	0.0026399
9.728	0.034645	152.23	0.17693	-0.0034074	0.002119	0.0027012
9.73	0.040559	152.58	0.17943	-0.0038173	0.0024159	0.0027624
9.732	0.045741	152.93	0.18607	-0.0039576	0.0025502	0.0026088
9.734	0.049358	153.28	0.19272	-0.004098	0.0026845	0.0024551
9.736	0.05085	153.62	0.20192	-0.0042384	0.0028189	0.0023014
9.738	0.050053	153.96	0.21368	-0.0043787	0.0029532	0.0021477
9.74	0.04724	154.29	0.22544	-0.0045191	0.0030875	0.001994
9.742	0.043068	154.61	0.24281	-0.0045099	0.0029844	0.0018344
9.744	0.038438	154.92	0.26018	-0.0045008	0.0028813	0.0016747
9.746	0.034311	155.22	0.28031	-0.0044917	0.0027781	0.0015151
9.748	0.0315	155.5	0.3032	-0.0044825	0.002675	0.0013554
9.75	0.030501	155.79	0.32609	-0.0044734	0.0025719	0.0011957
9.752	0.031395	156.06	0.35373	-0.0043546	0.0023049	0.0011546
9.754	0.033848	156.33	0.38137	-0.0042358	0.0020378	0.0011135
9.756	0.03719	156.59	0.41064	-0.0041169	0.0017708	0.0010724
9.758	0.040576	156.85	0.44154	-0.0039981	0.0015038	0.0010313
9.76	0.043187	157.11	0.47244	-0.0038793	0.0012368	0.00099017
9.762	0.044414	157.38	0.50431	-0.0035159	0.00091016	0.00099944
9.764	0.043983	157.65	0.53618	-0.0031526	0.00058351	0.0010087
9.766	0.042014	157.92	0.56706	-0.0027892	0.00025687	0.001018
9.768	0.038982	158.21	0.59694	-0.0024259	-6.9784e-05	0.0010273
9.77	0.035591	158.5	0.62682	-0.0020625	-0.00039643	0.0010366
9.772	0.032606	158.81	0.6513	-0.0014171	-0.00069433	0.00095489
9.774	0.030665	159.14	0.67579	-0.0007716	-0.00099223	0.00087323
9.776	0.030138	159.48	0.69591	-0.00012613	-0.0012901	0.00079156
9.778	0.031041	159.84	0.71167	0.00051934	-0.001588	0.0007099
9.78	0.033042	160.22	0.72743	0.0011648	-0.0018859	0.00062824
9.782	0.035544	160.62	0.73183	0.0018156	-0.0020407	0.00043463
9.784	0.037836	161.04	0.73624	0.0024663	-0.0021956	0.00024102
9.786	0.039266	161.47	0.73434	0.0031171	-0.0023504	4.7406e-05
9.788	0.039396	161.93	0.72613	0.0037678	-0.0025052	-0.0001462
9.79	0.03811	162.4	0.71792	0.0044186	-0.00266	-0.00033982
9.792	0.035638	162.89	0.69767	0.004743	-0.0025915	-0.00052859
9.794	0.032508	163.39	0.67742	0.0050674	-0.002523	-0.00071736
9.796	0.02942	163.9	0.65238	0.0053918	-0.0024544	-0.00090614
9.798	0.027097	164.42	0.62256	0.0057162	-0.0023859	-0.0010949
9.8	0.026119	164.94	0.59274	0.0060407	-0.0023173	-0.0012837
9.802	0.026799	165.46	0.5573	0.0060505	-0.0021214	-0.0013785
9.804	0.029123	165.97	0.52187	0.0060604	-0.0019254	-0.0014734
9.806	0.032764	166.48	0.48593	0.0060703	-0.0017295	-0.0015682
9.808	0.037162	166.97	0.4495	0.0060802	-0.0015335	-0.0016631
9.81	0.041644	167.44	0.41307	0.0060901	-0.0013376	-0.0017579
9.812	0.045576	167.89	0.37985	0.0060739	-0.001231	-0.0017956
9.814	0.048483	168.31	0.34663	0.0060577	-0.0011244	-0.0018332
9.816	0.050131	168.7	0.31645	0.0060415	-0.0010179	-0.0018709
9.818	0.050547	169.05	0.2893	0.0060253	-0.00091132	-0.0019085
9.82	0.049986	169.35	0.26215	0.0060091	-0.00080476	-0.0019462
9.822	0.048843	169.61	0.242	0.0061125	-0.00087784	-0.0019818
9.824	0.047548	169.81	0.22186	0.006216	-0.00095092	-0.0020174
9.826	0.046465	169.96	0.20472	0.0063195	-0.001024	-0.0020529
9.828	0.045822	170.04	0.19058	0.006423	-0.0010971	-0.0020885
9.83	0.045678	170.07	0.17645	0.0065265	-0.0011702	-0.0021241
9.832	0.045945	170.02	0.16601	0.0066055	-0.001302	-0.0021034
9.834	0.046431	169.91	0.15556	0.0066845	-0.0014338	-0.0020827
9.836	0.046924	169.72	0.14561	0.0067635	-0.0015657	-0.0020621
9.838	0.047253	169.46	0.13615	0.0068425	-0.0016975	-0.0020414
9.84	0.047334	169.13	0.12669	0.0069215	-0.0018293	-0.0020207
9.842	0.04719	168.72	0.11609	0.006815	-0.0018718	-0.001861
9.844	0.046932	168.24	0.1055	0.0067085	-0.0019143	-0.0017013
9.846	0.046709	167.68	0.093938	0.006602	-0.0019567	-0.0015415
9.848	0.046662	167.06	0.0814	0.0064955	-0.0019992	-0.0013818
9.85	0.046866	166.36	0.068862	0.006389	-0.0020416	-0.0012221
9.852	0.047312	165.6	0.055027	0.0061567	-0.001989	-0.0010037
9.854	0.047904	164.77	0.041191	0.0059243	-0.0019363	-0.0007852
9.856	0.048493	163.87	0.027568	0.005692	-0.0018836	-0.00056675
9.858	0.048921	162.92	0.014157	0.0054597	-0.0018309	-0.0003483
9.86	0.049077	161.92	0.00074713	0.0052273	-0.0017782	-0.00012985
9.862	0.048934	160.86	-0.010214	0.0050545	-0.0017324	-9.3513e-05
9.864	0.048563	159.76	-0.021175	0.0048817	-0.0016866	-5.7172e-05
9.866	0.048109	158.61	-0.03018	0.004709	-0.0016409	-2.0831e-05
9.868	0.047759	157.43	-0.037229	0.0045362	-0.0015951	1.551e-05
9.87	0.047675	156.21	-0.044278	0.0043634	-0.0015493	5.1851e-05
9.872	0.047938	154.96	-0.047141	0.0043385	-0.0015933	-0.00023526
9.874	0.048513	153.69	-0.050003	0.0043136	-0.0016373	-0.00052238
9.876	0.049238	152.4	-0.051318	0.0042888	-0.0016813	-0.00080949
9.878	0.04986	151.1	-0.051085	0.0042639	-0.0017254	-0.0010966
9.88	0.050086	149.78	-0.050852	0.0042391	-0.0017694	-0.0013837
9.882	0.04966	148.45	-0.049658	0.0042958	-0.0018934	-0.0018183
9.884	0.048433	147.11	-0.048464	0.0043525	-0.0020174	-0.002253
9.886	0.046415	145.78	-0.048043	0.0044093	-0.0021414	-0.0026876
9.888	0.043786	144.44	-0.048397	0.004466	-0.0022654	-0.0031222
9.89	0.040868	143.1	-0.048751	0.0045228	-0.0023894	-0.0035568
9.892	0.038064	141.76	-0.052779	0.0045453	-0.0024755	-0.0037646
9.894	0.035772	140.43	-0.056806	0.0045679	-0.0025616	-0.0039723
9.896	0.0343	139.1	-0.063255	0.0045904	-0.0026477	-0.00418
9.898	0.033796	137.77	-0.072125	0.004613	-0.0027338	-0.0043877
9.9	0.034223	136.44	-0.080995	0.0046356	-0.0028199	-0.0045954
9.902	0.035362	135.12	-0.094717	0.0045533	-0.0026868	-0.0043696
9.904	0.036872	133.79	-0.10844	0.004471	-0.0025536	-0.0041439
9.906	0.038357	132.46	-0.12411	0.0043888	-0.0024204	-0.0039181
9.908	0.039461	131.13	-0.14174	0.0043065	-0.0022873	-0.0036923
9.91	0.039938	129.79	-0.15937	0.0042242	-0.0021541	-0.0034665
9.912	0.039692	128.44	-0.17949	0.0040267	-0.0017199	-0.0029775
9.914	0.038785	127.08	-0.19962	0.0038293	-0.0012857	-0.0024884
9.916	0.037404	125.69	-0.22034	0.0036318	-0.00085151	-0.0019994
9.918	0.035808	124.3	-0.24165	0.0034344	-0.0004173	-0.0015104
9.92	0.034253	122.87	-0.26297	0.0032369	1.6907e-05	-0.0010213
9.922	0.032938	121.42	-0.28472	0.0029507	0.00056559	-0.00062273
9.924	0.031965	119.94	-0.30647	0.0026646	0.0011143	-0.00022413
9.926	0.031342	118.43	-0.32841	0.0023784	0.001663	0.00017447
9.928	0.031003	116.88	-0.35056	0.0020923	0.0022117	0.00057307
9.93	0.030852	115.29	-0.3727	0.0018061	0.0027603	0.00097167
9.932	0.030815	113.66	-0.39579	0.0014667	0.0030708	0.0011006
9.934	0.030873	111.98	-0.41888	0.0011274	0.0033813	0.0012294
9.936	0.031079	110.27	-0.44286	0.00078796	0.0036918	0.0013583
9.938	0.031539	108.5	-0.46772	0.00044857	0.0040022	0.0014872
9.94	0.032364	106.69	-0.49258	0.00010918	0.0043127	0.0016161
9.942	0.03363	104.83	-0.51989	-0.00023323	0.0042102	0.0015656
9.944	0.035324	102.92	-0.5472	-0.00057563	0.0041077	0.0015151
9.946	0.03732	100.97	-0.57586	-0.00091804	0.0040052	0.0014646
9.948	0.039388	98.972	-0.60584	-0.0012604	0.0039027	0.0014141
9.95	0.041236	96.93	-0.63583	-0.0016028	0.0038002	0.0013637
9.952	0.042588	94.848	-0.66809	-0.0018498	0.0034486	0.0012779
9.954	0.043254	92.727	-0.70035	-0.0020968	0.003097	0.0011922
9.956	0.043206	90.572	-0.73322	-0.0023438	0.0027454	0.0011064
9.958	0.042607	88.385	-0.76672	-0.0025908	0.0023938	0.0010207
9.96	0.041805	86.172	-0.80021	-0.0028377	0.0020421	0.00093495
9.962	0.041275	83.935	-0.83345	-0.0028922	0.0017259	0.00084171
9.964	0.04152	81.682	-0.8667	-0.0029466	0.0014097	0.00074846
9.966	0.042953	79.415	-0.89896	-0.0030011	0.0010934	0.00065522
9.968	0.045796	77.142	-0.93025	-0.0030555	0.00077718	0.00056197
9.97	0.050015	74.865	-0.96154	-0.0031099	0.00046093	0.00046873
9.972	0.055298	72.593	-0.98927	-0.0030017	0.000313	0.00035136
9.974	0.061102	70.328	-1.017	-0.0028934	0.00016506	0.00023399
9.976	0.066761	68.079	-1.0423	-0.0027852	1.7119e-05	0.00011663
9.978	0.071613	65.847	-1.0653	-0.0026769	-0.00013082	-7.3721e-07
9.98	0.075132	63.642	-1.0883	-0.0025686	-0.00027876	-0.0001181
9.982	0.077042	61.463	-1.1059	-0.0024439	-0.00028823	-0.00021399
9.984	0.077363	59.321	-1.1235	-0.0023191	-0.00029771	-0.00030988
9.986	0.076397	57.213	-1.1387	-0.0021943	-0.00030718	-0.00040577
9.988	0.074655	55.149	-1.1513	-0.0020696	-0.00031666	-0.00050166
9.99	0.072732	53.127	-1.164	-0.0019448	-0.00032613	-0.00059754
9.992	0.071171	51.154	-1.1729	-0.0018895	-0.00024801	-0.00061177
9.994	0.070338	49.228	-1.1818	-0.0018341	-0.00016988	-0.000626
9.996	0.070352	47.354	-1.1899	-0.0017788	-9.1753e-05	-0.00064023
9.998	0.071069	45.53	-1.1972	-0.0017235	-1.3627e-05	-0.00065446
10	0.072133	43.759	-1.2044	-0.0016681	6.4499e-05	-0.00066869
10.002	0.073078	42.039	-1.2125	-0.0016379	0.00020273	-0.00061642
10.004	0.073453	40.368	-1.2206	-0.0016076	0.00034096	-0.00056416
10.006	0.072938	38.748	-1.2304	-0.0015774	0.00047919	-0.0005119
10.008	0.071425	37.172	-1.2418	-0.0015471	0.00061742	-0.00045963
10.01	0.069034	35.643	-1.2532	-0.0015169	0.00075565	-0.00040737
10.012	0.066078	34.152	-1.2697	-0.0014675	0.00089674	-0.00036178
10.014	0.062969	32.701	-1.2862	-0.0014181	0.0010378	-0.00031619
10.016	0.060102	31.28	-1.3055	-0.0013687	0.0011789	-0.0002706
10.018	0.057743	29.89	-1.3276	-0.0013192	0.00132	-0.00022502
10.02	0.055952	28.522	-1.3497	-0.0012698	0.0014611	-0.00017943
10.022	0.054565	27.174	-1.3768	-0.0012432	0.0015262	-0.0001885
10.024	0.053231	25.838	-1.4038	-0.0012165	0.0015914	-0.00019758
10.026	0.051513	24.512	-1.4324	-0.0011898	0.0016566	-0.00020666
10.028	0.049004	23.186	-1.4624	-0.0011632	0.0017217	-0.00021573
10.03	0.045445	21.859	-1.4924	-0.0011365	0.0017869	-0.00022481
10.032	0.040812	20.522	-1.5229	-0.0011869	0.0017493	-0.00027003
10.034	0.035332	19.174	-1.5534	-0.0012374	0.0017118	-0.00031526
10.036	0.029447	17.805	-1.5829	-0.0012878	0.0016742	-0.00036049
10.038	0.023699	16.415	-1.6114	-0.0013383	0.0016367	-0.00040571
10.04	0.018601	14.995	-1.6399	-0.0013887	0.0015992	-0.00045094
10.042	0.014489	13.546	-1.6646	-0.0015326	0.001489	-0.00046231
10.044	0.011411	12.061	-1.6894	-0.0016766	0.0013788	-0.00047369
10.046	0.009081	10.539	-1.712	-0.0018205	0.0012686	-0.00048506
10.048	0.0068985	8.9751	-1.7324	-0.0019644	0.0011584	-0.00049644
10.05	0.0040446	7.37	-1.7529	-0.0021083	0.0010482	-0.00050781
10.052	-0.00037262	5.7209	-1.7694	-0.0023761	0.00087878	-0.00040519
10.054	-0.0071544	4.0277	-1.7859	-0.0026438	0.00070935	-0.00030258
10.056	-0.016861	2.2902	-1.8009	-0.0029116	0.00053992	-0.00019996
10.058	-0.02971	0.50849	-1.8144	-0.0031794	0.00037049	-9.7347e-05
10.06	-0.045533	-1.3152	-1.8279	-0.0034471	0.00020106	5.2691e-06
10.062	-0.063815	-3.1809	-1.8393	-0.0038444	-4.6927e-05	0.00022256
10.064	-0.083774	-5.0839	-1.8506	-0.0042417	-0.00029491	0.00043986
10.066	-0.10448	-7.0244	-1.8609	-0.004639	-0.0005429	0.00065715
10.068	-0.12499	-8.9955	-1.8701	-0.0050363	-0.00079089	0.00087445
10.07	-0.14442	-10.997	-1.8794	-0.0054336	-0.0010389	0.0010917
10.072	-0.16203	-13.022	-1.886	-0.0057591	-0.0013339	0.0012498
10.074	-0.17718	-15.068	-1.8926	-0.0060847	-0.0016289	0.0014079
10.076	-0.1894	-17.127	-1.8974	-0.0064102	-0.0019238	0.0015659
10.078	-0.19823	-19.199	-1.9003	-0.0067357	-0.0022188	0.001724
10.08	-0.20329	-21.273	-1.9032	-0.0070613	-0.0025138	0.0018821
10.082	-0.20422	-23.35	-1.9017	-0.0069319	-0.0027266	0.001732
10.084	-0.20074	-25.417	-1.9002	-0.0068025	-0.0029394	0.001582
10.086	-0.1927	-27.477	-1.8967	-0.0066732	-0.0031522	0.0014319
10.088	-0.1802	-29.518	-1.8912	-0.0065438	-0.0033649	0.0012819
10.09	-0.16365	-31.539	-1.8858	-0.0064144	-0.0035777	0.0011318
10.092	-0.14385	-33.533	-1.8785	-0.0056971	-0.0035685	0.00066059
10.094	-0.1219	-35.498	-1.8711	-0.0049797	-0.0035594	0.00018938
10.096	-0.099216	-37.427	-1.8647	-0.0042624	-0.0035502	-0.00028184
10.098	-0.077277	-39.32	-1.8591	-0.0035451	-0.003541	-0.00075305
10.1	-0.057492	-41.169	-1.8536	-0.0028277	-0.0035319	-0.0012243
10.102	-0.040979	-42.976	-1.8543	-0.0019608	-0.0032668	-0.0016754
10.104	-0.028406	-44.736	-1.855	-0.0010939	-0.0030017	-0.0021265
10.106	-0.019896	-46.448	-1.8608	-0.00022698	-0.0027367	-0.0025776
10.108	-0.015031	-48.111	-1.8718	0.00063994	-0.0024716	-0.0030287
10.11	-0.012955	-49.725	-1.8827	0.0015069	-0.0022065	-0.0034798
10.112	-0.012548	-51.29	-1.9064	0.0018769	-0.0017816	-0.0035448
10.114	-0.012647	-52.806	-1.9301	0.002247	-0.0013567	-0.0036097
10.116	-0.012265	-54.275	-1.9601	0.0026171	-0.00093184	-0.0036747
10.118	-0.010754	-55.698	-1.9964	0.0029871	-0.00050694	-0.0037397
10.12	-0.0078943	-57.079	-2.0327	0.0033572	-8.2045e-05	-0.0038046
10.122	-0.0038842	-58.419	-2.079	0.0030493	0.00031388	-0.0034599
10.124	0.00076473	-59.724	-2.1253	0.0027415	0.00070981	-0.0031152
10.126	0.0053935	-60.994	-2.1744	0.0024336	0.0011057	-0.0027705
10.128	0.0093849	-62.237	-2.2263	0.0021258	0.0015017	-0.0024258
10.13	0.012327	-63.453	-2.2782	0.0018179	0.0018976	-0.0020811
10.132	0.014114	-64.652	-2.3308	0.0012324	0.0020584	-0.0015687
10.134	0.014973	-65.833	-2.3833	0.00064683	0.0022192	-0.0010563
10.136	0.01539	-67.007	-2.4343	6.1278e-05	0.00238	-0.00054396
10.138	0.015982	-68.174	-2.4837	-0.00052427	0.0025408	-3.1594e-05
10.14	0.017324	-69.343	-2.533	-0.0011098	0.0027016	0.00048077
10.142	0.019789	-70.516	-2.5772	-0.0015197	0.0025525	0.00096531
10.144	0.023445	-71.7	-2.6213	-0.0019295	0.0024034	0.0014498
10.146	0.028021	-72.898	-2.6629	-0.0023394	0.0022543	0.0019344
10.148	0.032953	-74.117	-2.702	-0.0027492	0.0021051	0.0024189
10.15	0.037515	-75.358	-2.741	-0.0031591	0.001956	0.0029034
10.152	0.040975	-76.628	-2.7767	-0.0033147	0.0016529	0.0032728
10.154	0.042775	-77.928	-2.8123	-0.0034704	0.0013498	0.0036421
10.156	0.042653	-79.263	-2.8472	-0.003626	0.0010467	0.0040114
10.158	0.040709	-80.635	-2.8813	-0.0037816	0.00074361	0.0043808
10.16	0.037383	-82.047	-2.9154	-0.0039373	0.00044051	0.0047501
10.162	0.03336	-83.5	-2.9488	-0.0040014	0.00022508	0.0048845
10.164	0.029415	-84.996	-2.9822	-0.0040655	9.6615e-06	0.0050189
10.166	0.026247	-86.535	-3.0146	-0.0041295	-0.00020576	0.0051534
10.168	0.024327	-88.118	-3.046	-0.0041936	-0.00042118	0.0052878
10.17	0.023807	-89.745	-3.0774	-0.0042577	-0.00063661	0.0054222
10.172	0.0245	-91.416	-3.1039	-0.0042761	-0.00069679	0.0051988
10.174	0.025936	-93.13	-3.1303	-0.0042945	-0.00075698	0.0049754
10.176	0.027478	-94.885	-3.1521	-0.0043129	-0.00081716	0.0047521
10.178	0.028471	-96.681	-3.1694	-0.0043312	-0.00087735	0.0045287
10.18	0.028387	-98.513	-3.1866	-0.0043496	-0.00093753	0.0043053
10.182	0.026936	-100.38	-3.1911	-0.0041868	-0.00095891	0.0037859
10.184	0.024108	-102.28	-3.1955	-0.004024	-0.00098029	0.0032666
10.186	0.020153	-104.22	-3.1927	-0.0038612	-0.0010017	0.0027472
10.188	0.015513	-106.18	-3.1826	-0.0036984	-0.001023	0.0022279
10.19	0.010699	-108.16	-3.1726	-0.0035355	-0.0010444	0.0017086
10.192	0.0061758	-110.17	-3.1495	-0.0031141	-0.0010761	0.0011649
10.194	0.0022571	-112.19	-3.1263	-0.0026927	-0.0011078	0.00062134
10.196	-0.00094654	-114.23	-3.099	-0.0022713	-0.0011395	7.7729e-05
10.198	-0.0035318	-116.29	-3.0675	-0.0018499	-0.0011711	-0.00046588
10.2	-0.0057561	-118.35	-3.036	-0.0014285	-0.0012028	-0.0010095
10.202	-0.007958	-120.42	-3.0031	-0.00088764	-0.0011198	-0.0013094
10.204	-0.010464	-122.5	-2.9701	-0.00034673	-0.0010367	-0.0016093
10.206	-0.013512	-124.58	-2.9402	0.00019417	-0.00095368	-0.0019093
10.208	-0.01721	-126.66	-2.9134	0.00073507	-0.00087063	-0.0022092
10.21	-0.021523	-128.73	-2.8865	0.001276	-0.00078758	-0.0025091
10.212	-0.026308	-130.81	-2.8721	0.0016841	-0.00050717	-0.0025013
10.214	-0.03137	-132.87	-2.8576	0.0020921	-0.00022676	-0.0024935
10.216	-0.036525	-134.94	-2.8511	0.0025002	5.3654e-05	-0.0024856
10.218	-0.041649	-136.99	-2.8524	0.0029083	0.00033407	-0.0024778
10.22	-0.046698	-139.03	-2.8537	0.0033164	0.00061448	-0.00247
10.222	-0.051701	-141.07	-2.8706	0.0033902	0.00093483	-0.0022708
10.224	-0.05672	-143.1	-2.8875	0.0034641	0.0012552	-0.0020716
10.226	-0.061804	-145.11	-2.9102	0.0035379	0.0015755	-0.0018724
10.228	-0.06694	-147.11	-2.9388	0.0036118	0.0018959	-0.0016732
10.23	-0.072027	-149.11	-2.9674	0.0036856	0.0022162	-0.001474
10.232	-0.076887	-151.08	-3.0014	0.0033558	0.0023397	-0.0012159
10.234	-0.081299	-153.05	-3.0355	0.0030259	0.0024631	-0.00095777
10.236	-0.085071	-155	-3.0686	0.0026961	0.0025865	-0.00069968
10.238	-0.088105	-156.93	-3.1007	0.0023662	0.00271	-0.00044158
10.24	-0.090455	-158.85	-3.1329	0.0020364	0.0028334	-0.00018349
10.242	-0.092347	-160.75	-3.1563	0.0014382	0.0027606	6.2014e-05
10.244	-0.094166	-162.63	-3.1797	0.00084005	0.0026879	0.00030751
10.246	-0.096385	-164.48	-3.1961	0.00024187	0.0026151	0.00055301
10.248	-0.099471	-166.31	-3.2054	-0.0003563	0.0025423	0.00079851
10.25	-0.10377	-168.12	-3.2148	-0.00095448	0.0024695	0.001044
10.252	-0.10943	-169.88	-3.2067	-0.0014666	0.0024311	0.0012146
10.254	-0.11633	-171.62	-3.1986	-0.0019787	0.0023927	0.0013851
10.256	-0.12409	-173.31	-3.1812	-0.0024908	0.0023543	0.0015557
10.258	-0.13215	-174.95	-3.1543	-0.0030029	0.002316	0.0017263
10.26	-0.13984	-176.55	-3.1274	-0.003515	0.0022776	0.0018969
10.262	-0.14656	-178.08	-3.0816	-0.003561	0.0023783	0.0019231
10.264	-0.1519	-179.56	-3.0358	-0.0036071	0.002479	0.0019493
10.266	-0.15571	-180.96	-2.9809	-0.0036531	0.0025798	0.0019755
10.268	-0.15814	-182.28	-2.9169	-0.0036991	0.0026805	0.0020017
10.27	-0.15963	-183.52	-2.853	-0.0037452	0.0027812	0.0020279
10.272	-0.1608	-184.66	-2.7719	-0.0032072	0.0028127	0.0019025
10.274	-0.16229	-185.7	-2.6909	-0.0026692	0.0028441	0.0017771
10.276	-0.16466	-186.63	-2.6019	-0.0021312	0.0028756	0.0016516
10.278	-0.1682	-187.44	-2.505	-0.0015932	0.0029071	0.0015262
10.28	-0.17291	-188.11	-2.4081	-0.0010552	0.0029385	0.0014008
10.282	-0.17849	-188.66	-2.2969	-0.00017965	0.0026457	0.0011869
10.284	-0.1844	-189.05	-2.1857	0.00069591	0.0023529	0.00097299
10.286	-0.18998	-189.3	-2.0685	0.0015715	0.0020601	0.00075909
10.288	-0.19462	-189.37	-1.9452	0.002447	0.0017674	0.00054519
10.29	-0.1979	-189.28	-1.8219	0.0033226	0.0014746	0.00033129
10.292	-0.19967	-189.01	-1.6896	0.0041087	0.00091274	6.7555e-05
10.294	-0.20009	-188.56	-1.5573	0.0048948	0.00035092	-0.00019618
10.296	-0.19963	-187.91	-1.4225	0.005681	-0.00021091	-0.00045991
10.298	-0.19886	-187.06	-1.2852	0.0064671	-0.00077274	-0.00072364
10.3	-0.19841	-186.01	-1.1478	0.0072532	-0.0013346	-0.00098738
10.302	-0.19874	-184.75	-1.0102	0.0076576	-0.0017973	-0.0013135
10.304	-0.20007	-183.28	-0.87251	0.0080619	-0.00226	-0.0016395
10.306	-0.20228	-181.6	-0.73723	0.0084663	-0.0027226	-0.0019656
10.308	-0.20495	-179.7	-0.60431	0.0088707	-0.0031853	-0.0022917
10.31	-0.20743	-177.59	-0.47139	0.0092751	-0.003648	-0.0026178
10.312	-0.20901	-175.25	-0.34797	0.0093	-0.0036396	-0.0029507
10.314	-0.20906	-172.71	-0.22454	0.0093249	-0.0036312	-0.0032836
10.316	-0.20716	-169.95	-0.10781	0.0093498	-0.0036228	-0.0036165
10.318	-0.20324	-166.97	0.0022353	0.0093747	-0.0036144	-0.0039494
10.32	-0.19756	-163.8	0.11228	0.0093996	-0.003606	-0.0042824
10.322	-0.19066	-160.41	0.2064	0.0092032	-0.0030446	-0.0044378
10.324	-0.18325	-156.84	0.30052	0.0090068	-0.0024832	-0.0045932
10.326	-0.17606	-153.07	0.38619	0.0088104	-0.0019218	-0.0047486
10.328	-0.16964	-149.13	0.46341	0.0086139	-0.0013604	-0.004904
10.33	-0.16428	-145	0.54064	0.0084175	-0.000799	-0.0050594
10.332	-0.15995	-140.72	0.60158	0.0080797	3.1251e-05	-0.0048964
10.334	-0.15629	-136.28	0.66253	0.0077419	0.0008615	-0.0047333
10.336	-0.15274	-131.7	0.71631	0.0074041	0.0016917	-0.0045702
10.338	-0.14863	-126.98	0.76294	0.0070663	0.002522	-0.0044071
10.34	-0.14339	-122.14	0.80956	0.0067285	0.0033522	-0.004244
10.342	-0.13669	-117.18	0.84475	0.0062144	0.003962	-0.0038603
10.344	-0.12847	-112.13	0.87995	0.0057004	0.0045717	-0.0034766
10.346	-0.11902	-106.98	0.91109	0.0051864	0.0051815	-0.0030929
10.348	-0.10887	-101.76	0.93818	0.0046723	0.0057913	-0.0027092
10.35	-0.098703	-96.466	0.96526	0.0041583	0.006401	-0.0023254
10.352	-0.0892	-91.124	0.98749	0.0034818	0.0064036	-0.0019489
10.354	-0.080873	-85.734	1.0097	0.0028054	0.0064063	-0.0015725
10.356	-0.073967	-80.316	1.0309	0.0021289	0.0064089	-0.001196
10.358	-0.068411	-74.869	1.051	0.0014525	0.0064115	-0.00081947
10.36	-0.063839	-69.415	1.0711	0.00077603	0.0064141	-0.00044298
10.362	-0.059687	-63.953	1.0909	0.00012531	0.0058018	-0.00014638
10.364	-0.055321	-58.502	1.1108	-0.0005254	0.0051895	0.00015022
10.366	-0.050194	-53.06	1.1311	-0.0011761	0.0045771	0.00044682
10.368	-0.043969	-47.643	1.1518	-0.0018268	0.0039648	0.00074343
10.37	-0.036598	-42.252	1.1725	-0.0024776	0.0033525	0.00104
10.372	-0.028336	-36.899	1.1942	-0.0028388	0.0025341	0.0013541
10.374	-0.019677	-31.584	1.2159	-0.0032	0.0017157	0.0016682
10.376	-0.011245	-26.318	1.2379	-0.0035612	0.00089731	0.0019823
10.378	-0.0036493	-21.101	1.2601	-0.0039224	7.8935e-05	0.0022964
10.38	0.0026424	-15.939	1.2824	-0.0042836	-0.00073944	0.0026104
10.382	0.0074114	-10.834	1.3046	-0.0042918	-0.0012326	0.0029349
10.384	0.01073	-5.7906	1.3268	-0.0043	-0.0017258	0.0032593
10.386	0.012936	-0.8086	1.3485	-0.0043081	-0.002219	0.0035837
10.388	0.01455	4.1086	1.3699	-0.0043163	-0.0027122	0.0039081
10.39	0.016151	8.9609	1.3912	-0.0043245	-0.0032054	0.0042325
10.392	0.018251	13.747	1.4113	-0.0042615	-0.0031691	0.0043679
10.394	0.02118	18.466	1.4313	-0.0041984	-0.0031329	0.0045034
10.396	0.025019	23.118	1.4505	-0.0041354	-0.0030967	0.0046388
10.398	0.029591	27.704	1.4689	-0.0040724	-0.0030604	0.0047742
10.4	0.034519	32.223	1.4872	-0.0040093	-0.0030242	0.0049097
10.402	0.039325	36.675	1.5037	-0.0042401	-0.0027571	0.0047431
10.404	0.043545	41.061	1.5202	-0.0044709	-0.0024901	0.0045766
10.406	0.04685	45.381	1.5356	-0.0047016	-0.002223	0.0044101
10.408	0.049118	49.635	1.5499	-0.0049324	-0.001956	0.0042436
10.41	0.050465	53.824	1.5642	-0.0051631	-0.0016889	0.0040771
10.412	0.051216	57.947	1.5758	-0.0056938	-0.0016305	0.0037875
10.414	0.051822	62.004	1.5874	-0.0062244	-0.0015722	0.0034978
10.416	0.05275	65.995	1.5972	-0.0067551	-0.0015138	0.0032082
10.418	0.054361	69.919	1.6051	-0.0072857	-0.0014554	0.0029185
10.42	0.056827	73.775	1.6131	-0.0078164	-0.001397	0.0026289
10.422	0.060078	77.563	1.6164	-0.0082252	-0.0015814	0.0024593
10.424	0.063815	81.28	1.6197	-0.008634	-0.0017657	0.0022898
10.426	0.067571	84.925	1.62	-0.0090428	-0.00195	0.0021203
10.428	0.070822	88.496	1.6174	-0.0094516	-0.0021344	0.0019507
10.43	0.073107	91.992	1.6148	-0.0098604	-0.0023187	0.0017812
10.432	0.074136	95.408	1.6052	-0.0096916	-0.0023394	0.0016987
10.434	0.073869	98.745	1.5957	-0.0095227	-0.0023602	0.0016162
10.436	0.072532	102	1.5822	-0.0093539	-0.002381	0.0015337
10.438	0.070572	105.16	1.565	-0.0091851	-0.0024017	0.0014512
10.44	0.068573	108.24	1.5477	-0.0090163	-0.0024225	0.0013687
10.442	0.067127	111.22	1.5224	-0.0081697	-0.0020149	0.0011305
10.444	0.066702	114.11	1.497	-0.0073232	-0.0016073	0.00089235
10.446	0.067539	116.91	1.4676	-0.0064767	-0.0011996	0.00065417
10.448	0.069594	119.6	1.434	-0.0056302	-0.00079201	0.00041599
10.45	0.072541	122.18	1.4005	-0.0047836	-0.00038438	0.00017781
10.452	0.075835	124.67	1.359	-0.003585	0.00014959	-0.00027634
10.454	0.078816	127.04	1.3174	-0.0023863	0.00068357	-0.00073048
10.456	0.080856	129.3	1.2721	-0.0011876	0.0012175	-0.0011846
10.458	0.081485	131.46	1.2231	1.1092e-05	0.0017515	-0.0016388
10.46	0.080488	133.5	1.1741	0.0012098	0.0022855	-0.0020929
10.462	0.077954	135.43	1.1184	0.0022006	0.002416	-0.0024721
10.464	0.074259	137.24	1.0628	0.0031914	0.0025466	-0.0028513
10.466	0.069988	138.95	1.0046	0.0041822	0.0026771	-0.0032304
10.468	0.065817	140.54	0.94399	0.005173	0.0028077	-0.0036096
10.47	0.062372	142.01	0.88334	0.0061638	0.0029382	-0.0039888
10.472	0.060106	143.38	0.82011	0.0065061	0.0025461	-0.0039517
10.474	0.059203	144.64	0.75688	0.0068485	0.002154	-0.0039146
10.476	0.059554	145.79	0.69405	0.0071908	0.0017619	-0.0038776
10.478	0.060778	146.84	0.63162	0.0075331	0.0013699	-0.0038405
10.48	0.062308	147.79	0.56919	0.0078754	0.00097776	-0.0038034
10.482	0.063517	148.63	0.51151	0.0076133	0.00044638	-0.0033966
10.484	0.063848	149.39	0.45383	0.0073513	-8.4995e-05	-0.0029898
10.486	0.062934	150.06	0.40048	0.0070892	-0.00061637	-0.002583
10.488	0.060677	150.64	0.35144	0.0068272	-0.0011478	-0.0021762
10.49	0.057269	151.14	0.3024	0.0065651	-0.0016791	-0.0017694
10.492	0.053154	151.56	0.26485	0.0062373	-0.0019406	-0.001466
10.494	0.048942	151.91	0.22729	0.0059094	-0.002202	-0.0011626
10.496	0.045289	152.19	0.19591	0.0055816	-0.0024634	-0.00085915
10.498	0.042769	152.41	0.17071	0.0052537	-0.0027249	-0.00055573
10.5	0.041766	152.58	0.14551	0.0049258	-0.0029863	-0.00025232
10.502	0.042403	152.69	0.13097	0.0050356	-0.0029101	-0.00044461
10.504	0.044527	152.75	0.11642	0.0051454	-0.0028339	-0.00063691
10.506	0.04774	152.76	0.10513	0.0052552	-0.0027577	-0.00082921
10.508	0.05148	152.74	0.097073	0.005365	-0.0026815	-0.0010215
10.51	0.055126	152.68	0.08902	0.0054748	-0.0026052	-0.0012138
10.512	0.058109	152.58	0.081647	0.0059068	-0.0023779	-0.0017035
10.514	0.060008	152.45	0.074273	0.0063389	-0.0021506	-0.0021931
10.516	0.0606	152.29	0.064248	0.0067709	-0.0019233	-0.0026827
10.518	0.05989	152.11	0.051572	0.007203	-0.001696	-0.0031724
10.52	0.058086	151.9	0.038895	0.007635	-0.0014687	-0.003662
10.522	0.055536	151.67	0.01646	0.007741	-0.0012703	-0.0038306
10.524	0.052657	151.41	-0.005975	0.0078469	-0.0010719	-0.0039991
10.526	0.049855	151.14	-0.034053	0.0079529	-0.0008735	-0.0041676
10.528	0.04746	150.84	-0.067775	0.0080589	-0.00067508	-0.0043361
10.53	0.045684	150.51	-0.1015	0.0081648	-0.00047667	-0.0045046
10.532	0.044605	150.17	-0.14447	0.0075015	-0.00036434	-0.0040434
10.534	0.04418	149.8	-0.18744	0.0068383	-0.00025201	-0.0035822
10.536	0.044276	149.41	-0.23244	0.006175	-0.00013968	-0.003121
10.538	0.04471	148.99	-0.27945	0.0055118	-2.7349e-05	-0.0026598
10.54	0.045294	148.53	-0.32647	0.0048485	8.4982e-05	-0.0021986
10.542	0.045863	148.06	-0.37047	0.0037095	0.00013694	-0.0014896
10.544	0.046295	147.54	-0.41448	0.0025705	0.0001889	-0.00078059
10.546	0.046519	147	-0.45347	0.0014315	0.00024086	-7.1585e-05
10.548	0.04651	146.41	-0.48746	0.00029247	0.00029282	0.00063742
10.55	0.046275	145.79	-0.52144	-0.00084653	0.00034478	0.0013464
10.552	0.045846	145.12	-0.54029	-0.0017488	0.00033776	0.0017284
10.554	0.045267	144.42	-0.55914	-0.0026511	0.00033074	0.0021104
10.556	0.044588	143.67	-0.56943	-0.0035534	0.00032372	0.0024924
10.558	0.043859	142.87	-0.57117	-0.0044558	0.0003167	0.0028743
10.56	0.043134	142.03	-0.57291	-0.0053581	0.00030968	0.0032563
10.562	0.042461	141.13	-0.55902	-0.0056511	0.00014251	0.0032677
10.564	0.041872	140.19	-0.54512	-0.0059441	-2.4664e-05	0.0032791
10.566	0.041382	139.2	-0.5255	-0.0062371	-0.00019183	0.0032905
10.568	0.040975	138.16	-0.50016	-0.0065302	-0.000359	0.003302
10.57	0.040601	137.07	-0.47482	-0.0068232	-0.00052618	0.0033134
10.572	0.040179	135.93	-0.44359	-0.0067378	-0.00094352	0.0033871
10.574	0.039614	134.75	-0.41235	-0.0066524	-0.0013609	0.0034609
10.576	0.038814	133.52	-0.38083	-0.006567	-0.0017782	0.0035347
10.578	0.037724	132.25	-0.34901	-0.0064816	-0.0021956	0.0036085
10.58	0.03635	130.94	-0.3172	-0.0063963	-0.0026129	0.0036823
10.582	0.034773	129.59	-0.28865	-0.0062928	-0.0031024	0.0039951
10.584	0.033156	128.21	-0.26011	-0.0061892	-0.0035919	0.004308
10.586	0.031715	126.8	-0.2341	-0.0060857	-0.0040814	0.0046209
10.588	0.030693	125.36	-0.21064	-0.0059822	-0.0045709	0.0049337
10.59	0.030296	123.9	-0.18717	-0.0058787	-0.0050604	0.0052466
10.592	0.030647	122.43	-0.16875	-0.0057732	-0.0051893	0.0054037
10.594	0.031741	120.94	-0.15032	-0.0056676	-0.0053182	0.0055607
10.596	0.033424	119.44	-0.13382	-0.005562	-0.0054472	0.0057178
10.598	0.035406	117.94	-0.11925	-0.0054564	-0.0055761	0.0058749
10.6	0.037299	116.44	-0.10468	-0.0053509	-0.005705	0.0060319
10.602	0.038694	114.95	-0.092524	-0.0050749	-0.0052344	0.0056129
10.604	0.039239	113.48	-0.080368	-0.0047989	-0.0047637	0.0051938
10.606	0.038722	112.02	-0.068925	-0.0045229	-0.004293	0.0047747
10.608	0.037124	110.59	-0.058194	-0.0042469	-0.0038224	0.0043557
10.61	0.034644	109.18	-0.047463	-0.0039709	-0.0033517	0.0039366
10.612	0.03168	107.81	-0.037907	-0.0035979	-0.002574	0.0030841
10.614	0.02875	106.47	-0.028352	-0.003225	-0.0017964	0.0022317
10.616	0.026403	105.17	-0.019571	-0.0028521	-0.0010187	0.0013792
10.618	0.025111	103.92	-0.011564	-0.0024792	-0.00024102	0.00052678
10.62	0.025169	102.72	-0.0035575	-0.0021062	0.00053665	-0.00032568
10.622	0.026623	101.57	0.0022766	-0.0019293	0.0010967	-0.0010438
10.624	0.029261	100.48	0.0081108	-0.0017524	0.0016568	-0.0017619
10.626	0.032642	99.439	0.012621	-0.0015756	0.0022169	-0.00248
10.628	0.036182	98.461	0.015807	-0.0013987	0.002777	-0.0031981
10.63	0.039263	97.544	0.018993	-0.0012218	0.0033371	-0.0039163
10.632	0.041359	96.69	0.019441	-0.0013502	0.0034924	-0.0040749
10.634	0.042133	95.899	0.019889	-0.0014786	0.0036477	-0.0042336
10.636	0.041508	95.172	0.019124	-0.001607	0.0038031	-0.0043923
10.638	0.039673	94.509	0.017148	-0.0017354	0.0039584	-0.004551
10.64	0.037041	93.91	0.015171	-0.0018638	0.0041137	-0.0047097
10.642	0.034164	93.374	0.011371	-0.0020802	0.0040877	-0.0043313
10.644	0.031613	92.9	0.0075698	-0.0022967	0.0040617	-0.003953
10.646	0.029869	92.487	0.0032373	-0.0025131	0.0040356	-0.0035747
10.648	0.029226	92.133	-0.0016269	-0.0027295	0.0040096	-0.0031963
10.65	0.029745	91.837	-0.006491	-0.002946	0.0039836	-0.002818
10.652	0.031248	91.595	-0.011513	-0.0029922	0.0039698	-0.0022313
10.654	0.033369	91.407	-0.016536	-0.0030385	0.0039561	-0.0016446
10.656	0.035639	91.269	-0.021063	-0.0030847	0.0039423	-0.001058
10.658	0.037591	91.179	-0.025096	-0.003131	0.0039285	-0.00047128
10.66	0.038849	91.134	-0.029129	-0.0031772	0.0039148	0.00011539
10.662	0.039202	91.131	-0.030676	-0.0030365	0.0038067	0.00060194
10.664	0.038642	91.167	-0.032224	-0.0028958	0.0036987	0.0010885
10.666	0.037347	91.24	-0.031627	-0.0027551	0.0035906	0.001575
10.668	0.035635	91.345	-0.028885	-0.0026144	0.0034826	0.0020616
10.67	0.033895	91.481	-0.026144	-0.0024737	0.0033745	0.0025481
10.672	0.032502	91.642	-0.017303	-0.0023459	0.0029833	0.002843
10.674	0.031748	91.83	-0.0084627	-0.002218	0.0025921	0.0031379
10.676	0.03179	92.036	0.0040606	-0.0020902	0.0022009	0.0034328
10.678	0.032635	92.263	0.020267	-0.0019623	0.0018097	0.0037277
10.68	0.034146	92.503	0.036473	-0.0018345	0.0014185	0.0040226
10.682	0.036081	92.758	0.060139	-0.0019066	0.00080093	0.0041673
10.684	0.038134	93.021	0.083805	-0.0019787	0.00018336	0.004312
10.686	0.039997	93.294	0.11044	-0.0020508	-0.00043421	0.0044567
10.688	0.041404	93.571	0.14004	-0.0021229	-0.0010518	0.0046014
10.69	0.042157	93.852	0.16964	-0.002195	-0.0016694	0.0047461
10.692	0.042152	94.133	0.20201	-0.0024296	-0.0021845	0.0047181
10.694	0.041379	94.414	0.23438	-0.0026642	-0.0026997	0.0046901
10.696	0.039923	94.691	0.26599	-0.0028988	-0.0032149	0.0046621
10.698	0.037942	94.964	0.29684	-0.0031334	-0.0037301	0.0046341
10.7	0.035662	95.231	0.32769	-0.003368	-0.0042452	0.0046061
10.702	0.033349	95.49	0.35257	-0.0034833	-0.0043367	0.0043224
10.704	0.031291	95.739	0.37745	-0.0035987	-0.0044281	0.0040387
10.706	0.029769	95.979	0.39758	-0.003714	-0.0045196	0.003755
10.708	0.029023	96.205	0.41297	-0.0038294	-0.0046111	0.0034713
10.71	0.029219	96.419	0.42835	-0.0039447	-0.0047025	0.0031876
10.712	0.03041	96.617	0.43253	-0.0036601	-0.0043561	0.0026994
10.714	0.032516	96.8	0.43672	-0.0033754	-0.0040098	0.0022112
10.716	0.035316	96.966	0.43552	-0.0030908	-0.0036634	0.001723
10.718	0.038462	97.115	0.42896	-0.0028061	-0.0033171	0.0012348
10.72	0.041517	97.245	0.42239	-0.0025215	-0.0029707	0.00074658
10.722	0.044027	97.355	0.40736	-0.0018622	-0.0024926	0.00028242
10.724	0.045592	97.444	0.39234	-0.0012029	-0.0020145	-0.00018175
10.726	0.045941	97.512	0.37475	-0.0005436	-0.0015364	-0.00064591
10.728	0.044996	97.558	0.35459	0.0001157	-0.0010582	-0.0011101
10.73	0.042895	97.58	0.33442	0.000775	-0.0005801	-0.0015742
10.732	0.039984	97.578	0.31241	0.0014922	-0.00031199	-0.001832
10.734	0.036763	97.552	0.29039	0.0022094	-4.3889e-05	-0.0020897
10.736	0.033797	97.501	0.26864	0.0029266	0.00022421	-0.0023474
10.738	0.031613	97.424	0.24716	0.0036438	0.00049232	-0.0026051
10.74	0.030602	97.319	0.22567	0.004361	0.00076042	-0.0028628
10.742	0.030936	97.189	0.20576	0.0048805	0.00069819	-0.0029477
10.744	0.03254	97.03	0.18585	0.0053999	0.00063596	-0.0030326
10.746	0.0351	96.843	0.16665	0.0059193	0.00057373	-0.0031174
10.748	0.038126	96.628	0.14816	0.0064387	0.00051149	-0.0032023
10.75	0.041053	96.385	0.12967	0.0069581	0.00044926	-0.0032872
10.752	0.043347	96.112	0.11174	0.0072911	0.00018499	-0.0033189
10.754	0.044606	95.81	0.09382	0.007624	-7.9291e-05	-0.0033506
10.756	0.044632	95.479	0.075736	0.0079569	-0.00034357	-0.0033823
10.758	0.043459	95.119	0.057494	0.0082898	-0.00060784	-0.003414
10.76	0.04133	94.729	0.039252	0.0086227	-0.00087212	-0.0034457
10.762	0.038627	94.311	0.020287	0.0088258	-0.001064	-0.003418
10.764	0.035787	93.863	0.0013207	0.009029	-0.0012558	-0.0033904
10.766	0.033207	93.386	-0.01788	0.0092322	-0.0014477	-0.0033627
10.768	0.031171	92.881	-0.037315	0.0094353	-0.0016395	-0.003335
10.77	0.029805	92.348	-0.05675	0.0096385	-0.0018314	-0.0033073
10.772	0.029081	91.787	-0.075876	0.0095653	-0.0017108	-0.0031242
10.774	0.028852	91.198	-0.095002	0.009492	-0.0015903	-0.0029412
10.776	0.028909	90.583	-0.11348	0.0094188	-0.0014698	-0.0027581
10.778	0.029056	89.941	-0.1313	0.0093456	-0.0013492	-0.002575
10.78	0.029163	89.274	-0.14912	0.0092724	-0.0012287	-0.0023919
10.782	0.029187	88.581	-0.1647	0.0087302	-0.00084044	-0.0020724
10.784	0.029174	87.864	-0.18029	0.008188	-0.0004522	-0.0017529
10.786	0.02922	87.122	-0.19438	0.0076459	-6.3965e-05	-0.0014333
10.788	0.029423	86.357	-0.20699	0.0071037	0.00032427	-0.0011138
10.79	0.029822	85.569	-0.21959	0.0065615	0.00071251	-0.00079425
10.792	0.03037	84.759	-0.22859	0.0056411	0.0010008	-0.0005027
10.794	0.030931	83.926	-0.23759	0.0047207	0.0012891	-0.00021114
10.796	0.031302	83.073	-0.2445	0.0038002	0.0015775	8.0412e-05
10.798	0.031269	82.198	-0.24931	0.0028798	0.0018658	0.00037197
10.8	0.030683	81.303	-0.25413	0.0019593	0.0021541	0.00066352
10.802	0.02952	80.387	-0.25422	0.0010381	0.0020163	0.0008086
10.804	0.027909	79.452	-0.25432	0.00011692	0.0018786	0.00095369
10.806	0.026135	78.497	-0.25195	-0.00080429	0.0017408	0.0010988
10.808	0.024588	77.523	-0.2471	-0.0017255	0.0016031	0.0012438
10.81	0.023683	76.529	-0.24225	-0.0026467	0.0014653	0.0013889
10.812	0.023761	75.517	-0.23294	-0.0032466	0.00097416	0.0014351
10.814	0.024998	74.485	-0.22363	-0.0038465	0.00048302	0.0014814
10.816	0.027351	73.435	-0.21289	-0.0044464	-8.1115e-06	0.0015276
10.818	0.03054	72.365	-0.20072	-0.0050463	-0.00049925	0.0015738
10.82	0.034105	71.277	-0.18855	-0.0056462	-0.00099038	0.00162
10.822	0.037491	70.169	-0.17632	-0.0059083	-0.0014808	0.0016759
10.824	0.040174	69.043	-0.1641	-0.0061705	-0.0019713	0.0017318
10.826	0.04178	67.897	-0.15368	-0.0064327	-0.0024617	0.0017876
10.828	0.042174	66.732	-0.14506	-0.0066948	-0.0029521	0.0018435
10.83	0.041504	65.548	-0.13644	-0.006957	-0.0034426	0.0018994
10.832	0.040178	64.344	-0.13508	-0.0070156	-0.0036667	0.0019548
10.834	0.038773	63.121	-0.13372	-0.0070742	-0.0038909	0.0020101
10.836	0.037918	61.878	-0.13728	-0.0071328	-0.0041151	0.0020655
10.838	0.038148	60.616	-0.14576	-0.0071914	-0.0043393	0.0021208
10.84	0.039791	59.335	-0.15423	-0.00725	-0.0045635	0.0021762
10.842	0.042887	58.034	-0.17316	-0.0070653	-0.0044815	0.0020648
10.844	0.047186	56.715	-0.19208	-0.0068807	-0.0043996	0.0019534
10.846	0.052199	55.376	-0.21538	-0.006696	-0.0043177	0.0018421
10.848	0.057311	54.019	-0.24305	-0.0065113	-0.0042358	0.0017307
10.85	0.061911	52.644	-0.27073	-0.0063267	-0.0041538	0.0016193
10.852	0.065526	51.252	-0.30361	-0.005718	-0.0038474	0.0012174
10.854	0.067907	49.843	-0.3365	-0.0051093	-0.0035409	0.00081546
10.856	0.069068	48.417	-0.36988	-0.0045006	-0.0032345	0.00041354
10.858	0.069256	46.975	-0.40377	-0.0038919	-0.0029281	1.1616e-05
10.86	0.068868	45.519	-0.43765	-0.0032832	-0.0026216	-0.0003903
10.862	0.068337	44.048	-0.46909	-0.002347	-0.0021976	-0.00090417
10.864	0.068015	42.564	-0.50053	-0.0014108	-0.0017736	-0.001418
10.866	0.06809	41.067	-0.53002	-0.00047454	-0.0013496	-0.0019319
10.868	0.068546	39.56	-0.55756	0.00046168	-0.00092556	-0.0024458
10.87	0.069188	38.041	-0.5851	0.0013979	-0.00050155	-0.0029596
10.872	0.06972	36.514	-0.60968	0.0021295	-5.4313e-05	-0.0031679
10.874	0.069838	34.979	-0.63426	0.0028611	0.00039292	-0.0033762
10.876	0.069338	33.436	-0.65878	0.0035927	0.00084016	-0.0035845
10.878	0.068193	31.887	-0.68323	0.0043244	0.0012874	-0.0037929
10.88	0.066569	30.334	-0.70768	0.005056	0.0017346	-0.0040012
10.882	0.06479	28.776	-0.73533	0.0050848	0.002132	-0.0036938
10.884	0.063241	27.216	-0.76299	0.0051137	0.0025294	-0.0033864
10.886	0.062259	25.654	-0.79336	0.0051425	0.0029268	-0.0030791
10.888	0.062016	24.091	-0.82645	0.0051714	0.0033242	-0.0027717
10.89	0.062437	22.527	-0.85954	0.0052002	0.0037216	-0.0024643
10.892	0.063187	20.964	-0.89794	0.0045951	0.0039872	-0.0019281
10.894	0.063721	19.403	-0.93633	0.0039899	0.0042527	-0.0013919
10.896	0.063408	17.843	-0.97596	0.0033848	0.0045183	-0.00085562
10.898	0.061681	16.286	-1.0168	0.0027797	0.0047839	-0.00031938
10.9	0.058192	14.732	-1.0577	0.0021745	0.0050495	0.00021685
10.902	0.05293	13.18	-1.0962	0.0014831	0.0050934	0.00049474
10.904	0.046268	11.632	-1.1348	0.00079168	0.0051374	0.00077262
10.906	0.038916	10.087	-1.1696	0.00010025	0.0051814	0.0010505
10.908	0.031801	8.5451	-1.2007	-0.00059118	0.0052254	0.0013284
10.91	0.025872	7.0065	-1.2317	-0.0012826	0.0052694	0.0016063
10.912	0.021896	5.4704	-1.2517	-0.0015567	0.0050642	0.0014533
10.914	0.020271	3.937	-1.2717	-0.0018308	0.0048591	0.0013004
10.916	0.020914	2.4051	-1.2857	-0.0021048	0.004654	0.0011475
10.918	0.023233	0.87482	-1.2938	-0.0023789	0.0044488	0.00099456
10.92	0.026211	-0.65521	-1.3019	-0.002653	0.0042437	0.00084164
10.922	0.028568	-2.185	-1.3003	-0.0023786	0.0038661	0.00049885
10.924	0.028992	-3.7162	-1.2987	-0.0021042	0.0034885	0.00015607
10.926	0.026366	-5.2489	-1.2947	-0.0018298	0.0031108	-0.00018671
10.928	0.019948	-6.7848	-1.2881	-0.0015554	0.0027332	-0.00052949
10.93	0.0094959	-8.3241	-1.2816	-0.001281	0.0023556	-0.00087227
10.932	-0.004721	-9.8686	-1.2754	-0.000679	0.0019571	-0.0010842
10.934	-0.021995	-11.419	-1.2691	-7.695e-05	0.0015587	-0.0012961
10.936	-0.041329	-12.976	-1.2651	0.0005251	0.0011603	-0.0015081
10.938	-0.06161	-14.54	-1.2634	0.0011271	0.00076186	-0.00172
10.94	-0.081782	-16.114	-1.2616	0.0017292	0.00036343	-0.0019319
10.942	-0.10097	-17.698	-1.266	0.0022625	0.0001142	-0.0019147
10.944	-0.11852	-19.292	-1.2704	0.0027959	-0.00013502	-0.0018974
10.946	-0.134	-20.898	-1.2774	0.0033292	-0.00038424	-0.0018801
10.948	-0.14711	-22.517	-1.287	0.0038625	-0.00063347	-0.0018629
10.95	-0.1576	-24.148	-1.2966	0.0043959	-0.00088269	-0.0018456
10.952	-0.16517	-25.793	-1.3086	0.0045671	-0.00088762	-0.0017386
10.954	-0.16942	-27.452	-1.3206	0.0047382	-0.00089254	-0.0016316
10.956	-0.16991	-29.126	-1.3322	0.0049094	-0.00089747	-0.0015247
10.958	-0.16619	-30.815	-1.3433	0.0050806	-0.0009024	-0.0014177
10.96	-0.15797	-32.519	-1.3544	0.0052517	-0.00090732	-0.0013107
10.962	-0.14525	-34.238	-1.3625	0.0051187	-0.00073497	-0.0013097
10.964	-0.12842	-35.973	-1.3706	0.0049857	-0.00056262	-0.0013086
10.966	-0.10834	-37.722	-1.3772	0.0048526	-0.00039028	-0.0013076
10.968	-0.086245	-39.486	-1.3823	0.0047196	-0.00021793	-0.0013065
10.97	-0.063671	-41.264	-1.3874	0.0045866	-4.5581e-05	-0.0013054
10.972	-0.042217	-43.056	-1.3914	0.0044659	0.00013429	-0.0014709
10.974	-0.023326	-44.862	-1.3954	0.0043453	0.00031416	-0.0016363
10.976	-0.0080621	-46.679	-1.4004	0.0042246	0.00049403	-0.0018017
10.978	0.0030457	-48.507	-1.4063	0.0041039	0.00067391	-0.0019672
10.98	0.010067	-50.346	-1.4122	0.0039833	0.00085378	-0.0021326
10.982	0.013619	-52.195	-1.4226	0.0040811	0.00093794	-0.0023531
10.984	0.014719	-54.051	-1.4331	0.004179	0.0010221	-0.0025736
10.986	0.014565	-55.914	-1.4463	0.0042769	0.0011063	-0.0027941
10.988	0.014297	-57.782	-1.4624	0.0043748	0.0011904	-0.0030147
10.99	0.01478	-59.655	-1.4784	0.0044726	0.0012746	-0.0032352
10.992	0.016471	-61.529	-1.4989	0.0047124	0.0012788	-0.0033673
10.994	0.019374	-63.405	-1.5195	0.0049522	0.0012831	-0.0034993
10.996	0.023104	-65.28	-1.5409	0.005192	0.0012873	-0.0036314
10.998	0.027037	-67.154	-1.5632	0.0054318	0.0012916	-0.0037635
11	0.030497	-69.023	-1.5855	0.0056716	0.0012958	-0.0038956
11.002	0.032948	-70.887	-1.6063	0.005861	0.00126	-0.0038952
11.004	0.03413	-72.744	-1.6272	0.0060503	0.0012243	-0.0038948
11.006	0.034127	-74.594	-1.6461	0.0062397	0.0011885	-0.0038944
11.008	0.033328	-76.433	-1.6632	0.0064291	0.0011527	-0.003894
11.01	0.032324	-78.261	-1.6803	0.0066185	0.0011169	-0.0038936
11.012	0.031735	-80.076	-1.6934	0.0066288	0.0010592	-0.0037897
11.014	0.032049	-81.879	-1.7065	0.0066391	0.0010015	-0.0036857
11.016	0.033481	-83.665	-1.7187	0.0066495	0.00094372	-0.0035818
11.018	0.035911	-85.436	-1.7299	0.0066598	0.00088598	-0.0034779
11.02	0.038907	-87.19	-1.7411	0.0066701	0.00082825	-0.003374
11.022	0.041826	-88.927	-1.7541	0.0064502	0.0007934	-0.0031822
11.024	0.043979	-90.645	-1.767	0.0062302	0.00075856	-0.0029905
11.026	0.044804	-92.345	-1.7828	0.0060103	0.00072371	-0.0027987
11.028	0.044022	-94.026	-1.8012	0.0057903	0.00068887	-0.0026069
11.03	0.041714	-95.687	-1.8197	0.0055703	0.00065402	-0.0024152
11.032	0.038321	-97.329	-1.8462	0.005132	0.0007045	-0.0021296
11.034	0.034554	-98.952	-1.8727	0.0046937	0.00075498	-0.0018439
11.036	0.031233	-100.56	-1.9033	0.0042554	0.00080546	-0.0015583
11.038	0.029089	-102.14	-1.9379	0.0038171	0.00085594	-0.0012727
11.04	0.028596	-103.71	-1.9725	0.0033788	0.00090641	-0.00098709
11.042	0.029843	-105.27	-2.0127	0.0028262	0.0010225	-0.00061915
11.044	0.032499	-106.81	-2.053	0.0022736	0.0011386	-0.00025122
11.046	0.035873	-108.33	-2.094	0.001721	0.0012547	0.00011671
11.048	0.039059	-109.84	-2.1357	0.0011685	0.0013707	0.00048464
11.05	0.041126	-111.35	-2.1774	0.00061587	0.0014868	0.00085257
11.052	0.041323	-112.84	-2.216	0.00013959	0.0015406	0.0012434
11.054	0.039245	-114.33	-2.2547	-0.00033669	0.0015943	0.0016343
11.056	0.034912	-115.81	-2.2899	-0.00081298	0.0016481	0.0020251
11.058	0.028775	-117.29	-2.3218	-0.0012893	0.0017018	0.0024159
11.06	0.021605	-118.77	-2.3536	-0.0017655	0.0017555	0.0028068
11.062	0.01433	-120.26	-2.3771	-0.0019642	0.0016504	0.0030941
11.064	0.0078286	-121.75	-2.4006	-0.0021628	0.0015453	0.0033815
11.066	0.0027437	-123.25	-2.42	-0.0023614	0.0014402	0.0036689
11.068	-0.00064837	-124.76	-2.4355	-0.00256	0.0013351	0.0039562
11.07	-0.0024871	-126.29	-2.4509	-0.0027586	0.00123	0.0042436
11.072	-0.00328	-127.83	-2.4603	-0.0026131	0.0010367	0.0042931
11.074	-0.0037734	-129.39	-2.4696	-0.0024676	0.00084332	0.0043426
11.076	-0.0047716	-130.97	-2.4772	-0.002322	0.00064996	0.0043921
11.078	-0.0069489	-132.58	-2.4828	-0.0021765	0.00045661	0.0044416
11.08	-0.010695	-134.21	-2.4885	-0.002031	0.00026325	0.0044912
11.082	-0.016025	-135.88	-2.4924	-0.0017517	0.0001299	0.0043198
11.084	-0.022582	-137.57	-2.4963	-0.0014725	-3.4527e-06	0.0041485
11.086	-0.029727	-139.3	-2.4997	-0.0011932	-0.0001368	0.0039772
11.088	-0.036693	-141.06	-2.5028	-0.000914	-0.00027015	0.0038059
11.09	-0.042765	-142.86	-2.5059	-0.00063475	-0.0004035	0.0036346
11.092	-0.047453	-144.69	-2.5082	-0.00061153	-0.00045422	0.0034578
11.094	-0.050612	-146.56	-2.5106	-0.00058831	-0.00050494	0.003281
11.096	-0.052478	-148.47	-2.5124	-0.00056509	-0.00055566	0.0031042
11.098	-0.053628	-150.42	-2.5137	-0.00054187	-0.00060638	0.0029275
11.1	-0.054843	-152.4	-2.5151	-0.00051865	-0.00065711	0.0027507
11.102	-0.056937	-154.42	-2.5155	-0.00094286	-0.00072117	0.002754
11.104	-0.060572	-156.48	-2.516	-0.0013671	-0.00078523	0.0027573
11.106	-0.066102	-158.56	-2.5163	-0.0017913	-0.00084929	0.0027606
11.108	-0.073481	-160.68	-2.5166	-0.0022155	-0.00091335	0.0027638
11.11	-0.082264	-162.82	-2.5169	-0.0026397	-0.00097742	0.0027671
11.112	-0.091687	-164.99	-2.5183	-0.0032822	-0.0010761	0.0028704
11.114	-0.10083	-167.18	-2.5197	-0.0039246	-0.0011748	0.0029737
11.116	-0.10879	-169.38	-2.5221	-0.004567	-0.0012734	0.0030769
11.118	-0.1149	-171.6	-2.5254	-0.0052095	-0.0013721	0.0031802
11.12	-0.11884	-173.82	-2.5288	-0.0058519	-0.0014708	0.0032835
11.122	-0.12074	-176.04	-2.5335	-0.0063	-0.0015106	0.0032551
11.124	-0.12111	-178.25	-2.5382	-0.0067481	-0.0015504	0.0032267
11.126	-0.12081	-180.45	-2.5421	-0.0071962	-0.0015902	0.0031984
11.128	-0.1208	-182.63	-2.5452	-0.0076443	-0.00163	0.00317
11.13	-0.122	-184.79	-2.5483	-0.0080924	-0.0016698	0.0031416
11.132	-0.12508	-186.91	-2.5442	-0.0080991	-0.0015934	0.0029071
11.134	-0.13034	-188.99	-2.5402	-0.0081059	-0.0015169	0.0026726
11.136	-0.13764	-191.01	-2.5287	-0.0081126	-0.0014405	0.002438
11.138	-0.14641	-192.98	-2.51	-0.0081193	-0.0013641	0.0022035
11.14	-0.15585	-194.88	-2.4912	-0.008126	-0.0012876	0.001969
11.142	-0.16499	-196.71	-2.4498	-0.0076859	-0.0011419	0.0016639
11.144	-0.17297	-198.45	-2.4083	-0.0072457	-0.00099624	0.0013589
11.146	-0.17914	-200.1	-2.3523	-0.0068055	-0.00085055	0.0010538
11.148	-0.18326	-201.64	-2.2817	-0.0063653	-0.00070486	0.00074874
11.15	-0.18545	-203.08	-2.2111	-0.0059251	-0.00055918	0.00044369
11.152	-0.18622	-204.4	-2.1081	-0.0052194	-0.00041705	0.00016752
11.154	-0.18631	-205.59	-2.0052	-0.0045136	-0.00027491	-0.00010864
11.156	-0.18652	-206.65	-1.8869	-0.0038078	-0.00013278	-0.00038481
11.158	-0.18755	-207.56	-1.7532	-0.003102	9.3492e-06	-0.00066097
11.16	-0.18983	-208.33	-1.6195	-0.0023963	0.00015148	-0.00093714
11.162	-0.19345	-208.94	-1.4611	-0.0017549	0.00025607	-0.0012699
11.164	-0.1981	-209.39	-1.3027	-0.0011136	0.00036065	-0.0016027
11.166	-0.20318	-209.68	-1.1371	-0.00047229	0.00046524	-0.0019354
11.168	-0.20793	-209.79	-0.96418	0.00016903	0.00056983	-0.0022682
11.17	-0.21156	-209.72	-0.79126	0.00081035	0.00067441	-0.0026009
11.172	-0.21349	-209.47	-0.6159	0.0011108	0.00074178	-0.0030763
11.174	-0.21344	-209.04	-0.44053	0.0014112	0.00080915	-0.0035518
11.176	-0.21153	-208.43	-0.27	0.0017116	0.00087652	-0.0040272
11.178	-0.20823	-207.62	-0.1043	0.002012	0.00094388	-0.0045026
11.18	-0.20431	-206.62	0.061409	0.0023125	0.0010113	-0.004978
11.182	-0.20064	-205.43	0.20736	0.0023183	0.0010661	-0.0054229
11.184	-0.19803	-204.06	0.35331	0.0023241	0.0011209	-0.0058677
11.186	-0.19703	-202.49	0.48601	0.00233	0.0011757	-0.0063125
11.188	-0.19784	-200.73	0.60546	0.0023358	0.0012305	-0.0067573
11.19	-0.20018	-198.79	0.72491	0.0023416	0.0012853	-0.0072022
11.192	-0.20341	-196.66	0.815	0.002301	0.0013744	-0.0072546
11.194	-0.20658	-194.35	0.90509	0.0022604	0.0014634	-0.0073071
11.196	-0.20865	-191.87	0.98089	0.0022198	0.0015525	-0.0073595
11.198	-0.20869	-189.21	1.0424	0.0021792	0.0016415	-0.007412
11.2	-0.20604	-186.39	1.1039	0.0021386	0.0017306	-0.0074644
11.202	-0.20047	-183.4	1.1404	0.002068	0.0018792	-0.0069598
11.204	-0.1922	-180.26	1.1769	0.0019975	0.0020279	-0.0064552
11.206	-0.18187	-176.97	1.2036	0.001927	0.0021766	-0.0059505
11.208	-0.17044	-173.54	1.2204	0.0018564	0.0023252	-0.0054459
11.21	-0.15893	-169.97	1.2372	0.0017859	0.0024739	-0.0049413
11.212	-0.1483	-166.28	1.2403	0.001414	0.0026143	-0.0041403
11.214	-0.13923	-162.46	1.2434	0.0010421	0.0027548	-0.0033393
11.216	-0.13203	-158.54	1.2426	0.00067012	0.0028952	-0.0025383
11.218	-0.12657	-154.5	1.2378	0.00029819	0.0030357	-0.0017373
11.22	-0.12237	-150.38	1.2331	-7.3734e-05	0.0031762	-0.00093625
11.222	-0.1187	-146.16	1.2258	-0.00083497	0.0031674	-0.00028545
11.224	-0.11479	-141.87	1.2185	-0.0015962	0.0031586	0.00036535
11.226	-0.10994	-137.5	1.2123	-0.0023574	0.0031498	0.0010162
11.228	-0.10371	-133.06	1.2071	-0.0031187	0.003141	0.001667
11.23	-0.096019	-128.57	1.2019	-0.0038799	0.0031323	0.0023178
11.232	-0.087103	-124.04	1.2027	-0.0046433	0.0029077	0.0026156
11.234	-0.077478	-119.46	1.2035	-0.0054067	0.0026831	0.0029134
11.236	-0.067805	-114.84	1.209	-0.0061701	0.0024585	0.0032112
11.238	-0.058743	-110.2	1.2191	-0.0069335	0.002234	0.003509
11.24	-0.050802	-105.54	1.2292	-0.0076969	0.0020094	0.0038068
11.242	-0.044241	-100.87	1.2513	-0.0079381	0.0016694	0.0039076
11.244	-0.039036	-96.186	1.2733	-0.0081794	0.0013294	0.0040084
11.246	-0.034904	-91.499	1.3021	-0.0084207	0.00098938	0.0041092
11.248	-0.031389	-86.819	1.3377	-0.0086619	0.00064937	0.0042099
11.25	-0.027982	-82.145	1.3733	-0.0089032	0.00030936	0.0043107
11.252	-0.02425	-77.487	1.423	-0.0085139	6.0821e-06	0.0044398
11.254	-0.019932	-72.845	1.4726	-0.0081247	-0.0002972	0.0045689
11.256	-0.014989	-68.227	1.5287	-0.0077355	-0.00060048	0.004698
11.258	-0.0095941	-63.633	1.5913	-0.0073462	-0.00090377	0.0048271
11.26	-0.0040699	-59.07	1.6538	-0.006957	-0.001207	0.0049562
11.262	0.001212	-54.54	1.7264	-0.0064043	-0.0014456	0.0051213
11.264	0.0059395	-50.046	1.7989	-0.0058516	-0.0016842	0.0052865
11.266	0.0099474	-45.591	1.8741	-0.0052989	-0.0019228	0.0054516
11.268	0.013265	-41.179	1.952	-0.0047463	-0.0021613	0.0056168
11.27	0.016111	-36.809	2.0299	-0.0041936	-0.0023999	0.0057819
11.272	0.018829	-32.488	2.107	-0.0041161	-0.0026621	0.0058392
11.274	0.021796	-28.213	2.1841	-0.0040387	-0.0029243	0.0058965
11.276	0.02531	-23.991	2.2575	-0.0039612	-0.0031865	0.0059538
11.278	0.029508	-19.82	2.3271	-0.0038838	-0.0034487	0.006011
11.28	0.034313	-15.704	2.3967	-0.0038063	-0.0037109	0.0060683
11.282	0.039435	-11.643	2.4524	-0.0043765	-0.0040239	0.0059726
11.284	0.044441	-7.6401	2.5081	-0.0049467	-0.004337	0.0058768
11.286	0.048855	-3.6961	2.5542	-0.0055169	-0.00465	0.0057811
11.288	0.05227	0.18621	2.5908	-0.0060871	-0.0049631	0.0056853
11.29	0.054456	4.0068	2.6274	-0.0066574	-0.0052761	0.0055895
11.292	0.055422	7.7624	2.6419	-0.0073459	-0.0054885	0.0054253
11.294	0.055424	11.453	2.6565	-0.0080344	-0.0057009	0.0052611
11.296	0.054912	15.075	2.6598	-0.008723	-0.0059132	0.0050969
11.298	0.054425	18.629	2.6519	-0.0094115	-0.0061256	0.0049327
11.3	0.054461	22.111	2.644	-0.0101	-0.006338	0.0047685
11.302	0.055366	25.522	2.6157	-0.010194	-0.0062028	0.0045687
11.304	0.057243	28.856	2.5875	-0.010288	-0.0060676	0.0043689
11.306	0.059922	32.115	2.551	-0.010382	-0.0059324	0.0041691
11.308	0.063007	35.295	2.5062	-0.010476	-0.0057972	0.0039692
11.31	0.065963	38.396	2.4615	-0.01057	-0.005662	0.0037694
11.312	0.068248	41.413	2.405	-0.0099384	-0.0050687	0.0034875
11.314	0.069448	44.347	2.3486	-0.0093068	-0.0044755	0.0032055
11.316	0.069381	47.194	2.2885	-0.0086752	-0.0038822	0.0029236
11.318	0.068142	49.954	2.2249	-0.0080436	-0.003289	0.0026416
11.32	0.066093	52.623	2.1613	-0.007412	-0.0026957	0.0023597
11.322	0.063772	55.201	2.0941	-0.0066194	-0.0018624	0.0020354
11.324	0.061777	57.685	2.0269	-0.0058267	-0.0010291	0.0017111
11.326	0.060615	60.075	1.959	-0.0050341	-0.00019581	0.0013869
11.328	0.060585	62.367	1.8904	-0.0042415	0.00063749	0.0010626
11.33	0.061704	64.562	1.8218	-0.0034489	0.0014708	0.00073833
11.332	0.063706	66.657	1.7529	-0.0030627	0.0020776	0.00052048
11.334	0.066105	68.652	1.6839	-0.0026765	0.0026844	0.00030264
11.336	0.068312	70.545	1.6151	-0.0022903	0.0032913	8.4796e-05
11.338	0.069784	72.336	1.5463	-0.0019041	0.0038981	-0.00013305
11.34	0.070156	74.024	1.4775	-0.0015179	0.0045049	-0.00035089
11.342	0.06934	75.609	1.4095	-0.0014757	0.0045378	-0.00038549
11.344	0.067545	77.089	1.3414	-0.0014335	0.0045706	-0.00042009
11.346	0.065235	78.467	1.2745	-0.0013914	0.0046035	-0.00045469
11.348	0.063013	79.74	1.2087	-0.0013492	0.0046363	-0.00048929
11.35	0.061478	80.911	1.1429	-0.001307	0.0046692	-0.00052389
11.352	0.061071	81.979	1.0816	-0.0011406	0.0041989	-0.00045876
11.354	0.061957	82.945	1.0204	-0.00097417	0.0037286	-0.00039363
11.356	0.063974	83.81	0.96301	-0.00080774	0.0032583	-0.0003285
11.358	0.066662	84.576	0.90945	-0.00064131	0.002788	-0.00026337
11.36	0.069351	85.244	0.85589	-0.00047488	0.0023177	-0.00019824
11.362	0.071322	85.815	0.81301	-2.2946e-05	0.0017315	-0.00016353
11.364	0.071971	86.292	0.77014	0.00042898	0.0011453	-0.00012881
11.366	0.070956	86.675	0.73361	0.00088091	0.00055913	-9.4097e-05
11.368	0.068286	86.969	0.70344	0.0013328	-2.7054e-05	-5.9381e-05
11.37	0.064334	87.173	0.67327	0.0017848	-0.00061323	-2.4665e-05
11.372	0.059765	87.293	0.65602	0.002196	-0.0009791	-8.2118e-05
11.374	0.055396	87.327	0.63876	0.0026072	-0.001345	-0.00013957
11.376	0.052019	87.282	0.62697	0.0030185	-0.0017108	-0.00019702
11.378	0.05023	87.157	0.62063	0.0034297	-0.0020767	-0.00025448
11.38	0.050297	86.958	0.61429	0.003841	-0.0024426	-0.00031193
11.382	0.052097	86.685	0.61481	0.0039346	-0.0025345	-0.00047232
11.384	0.055148	86.343	0.61532	0.0040283	-0.0026265	-0.00063272
11.386	0.058709	85.932	0.61656	0.0041219	-0.0027185	-0.00079311
11.388	0.061948	85.458	0.61851	0.0042156	-0.0028105	-0.0009535
11.39	0.064115	84.922	0.62046	0.0043093	-0.0029025	-0.0011139
11.392	0.064707	84.328	0.61815	0.0042542	-0.0028649	-0.001374
11.394	0.063572	83.676	0.61584	0.0041991	-0.0028274	-0.0016341
11.396	0.060926	82.972	0.60896	0.004144	-0.0027898	-0.0018943
11.398	0.057299	82.217	0.59753	0.0040889	-0.0027523	-0.0021544
11.4	0.053407	81.414	0.5861	0.0040338	-0.0027147	-0.0024145
11.402	0.049986	80.565	0.56245	0.0041596	-0.0026637	-0.0026998
11.404	0.047622	79.673	0.5388	0.0042855	-0.0026126	-0.002985
11.406	0.046629	78.74	0.5086	0.0044114	-0.0025616	-0.0032702
11.408	0.046981	77.769	0.47186	0.0045373	-0.0025105	-0.0035555
11.41	0.048335	76.761	0.43513	0.0046632	-0.0024595	-0.0038407
11.412	0.050119	75.72	0.3866	0.0050012	-0.0023951	-0.0039798
11.414	0.051676	74.646	0.33808	0.0053392	-0.0023308	-0.0041189
11.416	0.052423	73.542	0.28516	0.0056773	-0.0022664	-0.004258
11.418	0.051996	72.41	0.22785	0.0060153	-0.002202	-0.0043971
11.42	0.050337	71.252	0.17054	0.0063533	-0.0021377	-0.0045362
11.422	0.047714	70.069	0.1084	0.0066591	-0.0020483	-0.0044187
11.424	0.044661	68.864	0.046257	0.0069649	-0.0019589	-0.0043011
11.426	0.041857	67.638	-0.016188	0.0072708	-0.0018696	-0.0041836
11.428	0.03997	66.393	-0.078941	0.0075766	-0.0017802	-0.004066
11.43	0.039503	65.129	-0.14169	0.0078824	-0.0016909	-0.0039484
11.432	0.040675	63.851	-0.20115	0.0079947	-0.0016369	-0.0036857
11.434	0.043362	62.557	-0.2606	0.0081071	-0.0015829	-0.0034229
11.436	0.047111	61.251	-0.31673	0.0082194	-0.0015289	-0.0031602
11.438	0.051236	59.934	-0.36953	0.0083318	-0.0014749	-0.0028974
11.44	0.054952	58.607	-0.42234	0.0084441	-0.0014209	-0.0026346
11.442	0.057542	57.272	-0.46578	0.0084076	-0.001445	-0.0024536
11.444	0.058503	55.931	-0.50921	0.0083711	-0.0014691	-0.0022726
11.446	0.057654	54.585	-0.54688	0.0083346	-0.0014932	-0.0020915
11.448	0.05517	53.236	-0.57877	0.0082981	-0.0015173	-0.0019105
11.45	0.051552	51.885	-0.61067	0.0082616	-0.0015414	-0.0017295
11.452	0.047523	50.534	-0.62938	0.0081364	-0.0015376	-0.0017285
11.454	0.04388	49.185	-0.64809	0.0080112	-0.0015339	-0.0017276
11.456	0.041344	47.839	-0.65971	0.0078859	-0.0015301	-0.0017266
11.458	0.040413	46.498	-0.66424	0.0077607	-0.0015263	-0.0017257
11.46	0.041275	45.164	-0.66877	0.0076355	-0.0015226	-0.0017247
11.462	0.043773	43.837	-0.65903	0.0073977	-0.0013115	-0.0018323
11.464	0.047455	42.521	-0.64929	0.0071599	-0.0011004	-0.0019399
11.466	0.051661	41.215	-0.63296	0.0069222	-0.00088927	-0.0020474
11.468	0.055665	39.923	-0.61005	0.0066844	-0.00067817	-0.002155
11.47	0.058819	38.644	-0.58714	0.0064466	-0.00046707	-0.0022626
11.472	0.060675	37.382	-0.55353	0.0061257	-7.4738e-05	-0.002386
11.474	0.061059	36.136	-0.51992	0.0058049	0.00031759	-0.0025094
11.476	0.060099	34.91	-0.48281	0.005484	0.00070992	-0.0026328
11.478	0.058186	33.703	-0.4422	0.0051631	0.0011023	-0.0027562
11.48	0.055879	32.517	-0.40159	0.0048422	0.0014946	-0.0028797
11.482	0.053781	31.353	-0.35845	0.0046039	0.0017212	-0.002977
11.484	0.052417	30.213	-0.31532	0.0043656	0.0019477	-0.0030744
11.486	0.052128	29.096	-0.27314	0.0041273	0.0021743	-0.0031718
11.488	0.053004	28.005	-0.23193	0.003889	0.0024009	-0.0032692
11.49	0.054868	26.939	-0.19072	0.0036507	0.0026274	-0.0033666
11.492	0.057323	25.901	-0.15505	0.003649	0.0023483	-0.0034098
11.494	0.059834	24.889	-0.11937	0.0036473	0.0020693	-0.0034531
11.496	0.061845	23.905	-0.087517	0.0036457	0.0017902	-0.0034963
11.498	0.062893	22.949	-0.059475	0.003644	0.0015111	-0.0035395
11.5	0.062708	22.021	-0.031432	0.0036423	0.001232	-0.0035828
11.502	0.061262	21.122	-0.01136	0.0038454	0.0005565	-0.0035584
11.504	0.058781	20.252	0.0087129	0.0040485	-0.00011899	-0.003534
11.506	0.055701	19.411	0.025372	0.0042516	-0.00079448	-0.0035096
11.508	0.052577	18.598	0.038619	0.0044547	-0.00147	-0.0034853
11.51	0.049976	17.815	0.051865	0.0046578	-0.0021455	-0.0034609
11.512	0.048357	17.06	0.06021	0.0048732	-0.0026875	-0.0033801
11.514	0.047984	16.334	0.068555	0.0050887	-0.0032295	-0.0032993
11.516	0.048875	15.636	0.075368	0.0053041	-0.0037716	-0.0032185
11.518	0.050795	14.967	0.080648	0.0055195	-0.0043136	-0.0031377
11.52	0.05331	14.325	0.085928	0.0057349	-0.0048557	-0.0030569
11.522	0.055871	13.711	0.089179	0.00578	-0.0048088	-0.0028894
11.524	0.057932	13.125	0.09243	0.0058252	-0.0047619	-0.0027219
11.526	0.059062	12.566	0.094644	0.0058703	-0.0047151	-0.0025545
11.528	0.059029	12.033	0.09582	0.0059154	-0.0046682	-0.002387
11.53	0.05785	11.527	0.096997	0.0059606	-0.0046214	-0.0022196
11.532	0.055784	11.048	0.09523	0.0057926	-0.0039825	-0.0018785
11.534	0.053267	10.595	0.093463	0.0056247	-0.0033437	-0.0015374
11.536	0.050822	10.167	0.089709	0.0054568	-0.0027049	-0.0011963
11.538	0.048941	9.765	0.083968	0.0052889	-0.002066	-0.00085515
11.54	0.047972	9.3885	0.078227	0.005121	-0.0014272	-0.00051404
11.542	0.048043	9.0372	0.068103	0.0048345	-0.00055809	4.6039e-06
11.544	0.049029	8.7108	0.057979	0.004548	0.00031103	0.00052325
11.546	0.050588	8.4093	0.046038	0.0042616	0.0011801	0.0010419
11.548	0.052231	8.1324	0.03228	0.0039751	0.0020493	0.0015605
11.55	0.053444	7.8799	0.018522	0.0036886	0.0029184	0.0020792
11.552	0.053809	7.6515	0.0030722	0.0034015	0.0036253	0.0025971
11.554	0.053114	7.447	-0.012377	0.0031144	0.0043322	0.003115
11.556	0.051415	7.266	-0.027362	0.0028274	0.0050391	0.0036329
11.558	0.049037	7.1083	-0.041881	0.0025403	0.005746	0.0041508
11.56	0.046513	6.9732	-0.056401	0.0022532	0.0064529	0.0046687
11.562	0.044467	6.8606	-0.067553	0.0020058	0.0067889	0.0049558
11.564	0.043468	6.7694	-0.078706	0.0017583	0.0071248	0.0052428
11.566	0.043891	6.6995	-0.087476	0.0015109	0.0074607	0.0055299
11.568	0.045804	6.6494	-0.093864	0.0012635	0.0077967	0.005817
11.57	0.048928	6.6191	-0.10025	0.0010161	0.0081326	0.0061041
11.572	0.052663	6.6066	-0.10198	0.00082498	0.008047	0.0060777
11.574	0.056201	6.6118	-0.10372	0.00063387	0.0079614	0.0060513
11.576	0.058681	6.6322	-0.10386	0.00044277	0.0078758	0.0060249
11.578	0.05938	6.6678	-0.10242	0.00025167	0.0077903	0.0059985
11.58	0.057878	6.7156	-0.10098	6.057e-05	0.0077047	0.0059721
11.582	0.054172	6.7754	-0.098502	4.4575e-05	0.0071991	0.0057192
11.584	0.048705	6.8437	-0.096029	2.858e-05	0.0066935	0.0054664
11.586	0.042305	6.9205	-0.093959	1.2586e-05	0.0061879	0.0052136
11.588	0.036033	7.0017	-0.092292	-3.4089e-06	0.0056823	0.0049608
11.59	0.030975	7.0872	-0.090626	-1.9403e-05	0.0051767	0.004708
11.592	0.028023	7.1725	-0.09047	0.00029096	0.0043446	0.0043612
11.594	0.027676	7.2576	-0.090313	0.00060132	0.0035126	0.0040143
11.596	0.029927	7.3376	-0.090542	0.00091168	0.0026806	0.0036675
11.598	0.034239	7.4125	-0.091155	0.001222	0.0018486	0.0033207
11.6	0.039638	7.4773	-0.091768	0.0015324	0.0010166	0.0029739
11.602	0.044904	7.532	-0.09133	0.0020974	0.00018214	0.0026144
11.604	0.048807	7.5714	-0.090893	0.0026625	-0.00065227	0.0022549
11.606	0.050359	7.5957	-0.088922	0.0032275	-0.0014867	0.0018954
11.608	0.049025	7.5999	-0.085419	0.0037926	-0.0023211	0.0015358
11.61	0.044841	7.5841	-0.081916	0.0043576	-0.0031555	0.0011763
11.612	0.038422	7.5436	-0.074172	0.0048057	-0.0035322	0.0008368
11.614	0.030846	7.4785	-0.066427	0.0052537	-0.0039088	0.00049726
11.616	0.023447	7.3848	-0.05675	0.0057018	-0.0042855	0.00015773
11.618	0.017554	7.2626	-0.04514	0.0061498	-0.0046622	-0.00018181
11.62	0.01423	7.1085	-0.033529	0.0065979	-0.0050388	-0.00052135
11.622	0.014066	6.9225	-0.020055	0.0065407	-0.004755	-0.00078937
11.624	0.017067	6.7023	-0.0065811	0.0064835	-0.0044713	-0.0010574
11.626	0.022666	6.4479	0.0063213	0.0064262	-0.0041875	-0.0013254
11.628	0.029845	6.1579	0.018652	0.006369	-0.0039037	-0.0015934
11.63	0.03735	5.8322	0.030983	0.0063118	-0.0036199	-0.0018614
11.632	0.04395	5.4705	0.039221	0.0057014	-0.0029702	-0.0019595
11.634	0.048678	5.0729	0.047459	0.0050911	-0.0023205	-0.0020575
11.636	0.051016	4.64	0.05273	0.0044808	-0.0016708	-0.0021556
11.638	0.050973	4.1718	0.055034	0.0038704	-0.0010211	-0.0022536
11.64	0.049059	3.67	0.057338	0.0032601	-0.00037136	-0.0023517
11.642	0.046146	3.1348	0.053569	0.0024222	0.00011368	-0.0022278
11.644	0.043264	2.5687	0.0498	0.0015842	0.00059871	-0.0021038
11.646	0.041369	1.9717	0.043718	0.00074634	0.0010838	-0.0019799
11.648	0.041146	1.3472	0.035323	-9.1571e-05	0.0015688	-0.001856
11.65	0.042872	0.69534	0.026928	-0.00092948	0.0020538	-0.0017321
11.652	0.046386	0.020042	0.016188	-0.001631	0.0020747	-0.0014717
11.654	0.051148	-0.67869	0.0054468	-0.0023326	0.0020955	-0.0012114
11.656	0.05639	-1.3965	-0.0054347	-0.0030341	0.0021164	-0.00095101
11.658	0.061303	-2.1334	-0.016457	-0.0037357	0.0021372	-0.00069065
11.66	0.065223	-2.8849	-0.027479	-0.0044372	0.0021581	-0.00043029
11.662	0.067774	-3.6512	-0.0378	-0.0049251	0.0018304	-0.00017044
11.664	0.068936	-4.4279	-0.048121	-0.0054131	0.0015028	8.9414e-05
11.666	0.069014	-5.2151	-0.058294	-0.005901	0.0011752	0.00034927
11.668	0.068539	-6.009	-0.068319	-0.0063889	0.00084754	0.00060912
11.67	0.068111	-6.8097	-0.078344	-0.0068768	0.00051991	0.00086897
11.672	0.068234	-7.6142	-0.089485	-0.0073123	0.00021333	0.0010852
11.674	0.069182	-8.4225	-0.10063	-0.0077478	-9.3242e-05	0.0013015
11.676	0.070923	-9.2326	-0.1131	-0.0081833	-0.00039982	0.0015177
11.678	0.073137	-10.045	-0.12692	-0.0086187	-0.00070639	0.001734
11.68	0.075296	-10.857	-0.14074	-0.0090542	-0.001013	0.0019502
11.682	0.076807	-11.671	-0.15801	-0.009533	-0.00096597	0.0021381
11.684	0.077176	-12.486	-0.17528	-0.010012	-0.00091898	0.0023259
11.686	0.076143	-13.302	-0.19402	-0.010491	-0.00087199	0.0025137
11.688	0.073758	-14.122	-0.21421	-0.010969	-0.000825	0.0027015
11.69	0.070386	-14.944	-0.23441	-0.011448	-0.00077801	0.0028893
11.692	0.066623	-15.772	-0.25578	-0.011843	-0.00036048	0.0029785
11.694	0.063159	-16.606	-0.27716	-0.012237	5.7061e-05	0.0030677
11.696	0.060601	-17.45	-0.29802	-0.012632	0.0004746	0.0031569
11.698	0.059329	-18.303	-0.31836	-0.013026	0.00089213	0.0032461
11.7	0.059387	-19.172	-0.3387	-0.013421	0.0013097	0.0033353
11.702	0.060462	-20.055	-0.35629	-0.013517	0.0017189	0.0032034
11.704	0.061949	-20.958	-0.37387	-0.013613	0.0021282	0.0030716
11.706	0.063087	-21.882	-0.38988	-0.01371	0.0025375	0.0029397
11.708	0.063137	-22.832	-0.40431	-0.013806	0.0029468	0.0028079
11.71	0.061558	-23.808	-0.41874	-0.013902	0.0033561	0.0026761
11.712	0.058141	-24.817	-0.43115	-0.013648	0.003307	0.0023592
11.714	0.053069	-25.857	-0.44355	-0.013393	0.0032579	0.0020423
11.716	0.046878	-26.935	-0.45604	-0.013139	0.0032088	0.0017255
11.718	0.040353	-28.051	-0.46861	-0.012884	0.0031598	0.0014086
11.72	0.034344	-29.21	-0.48118	-0.01263	0.0031107	0.0010917
11.722	0.029572	-30.41	-0.49619	-0.012231	0.0025656	0.00082481
11.724	0.026474	-31.657	-0.51121	-0.011832	0.0020206	0.00055787
11.726	0.02509	-32.95	-0.52813	-0.011433	0.0014755	0.00029093
11.728	0.025051	-34.291	-0.54695	-0.011034	0.00093045	2.3989e-05
11.73	0.025651	-35.68	-0.56577	-0.010635	0.00038538	-0.00024295
11.732	0.025989	-37.118	-0.58818	-0.010348	-0.00022833	-0.00030479
11.734	0.025147	-38.605	-0.6106	-0.01006	-0.00084205	-0.00036663
11.736	0.022363	-40.14	-0.63398	-0.0097732	-0.0014558	-0.00042846
11.738	0.01716	-41.722	-0.65831	-0.009486	-0.0020695	-0.0004903
11.74	0.009399	-43.349	-0.68264	-0.0091989	-0.0026832	-0.00055214
11.742	-0.00073684	-45.02	-0.70646	-0.0090008	-0.0029286	-0.00055806
11.744	-0.012835	-46.731	-0.73028	-0.0088028	-0.0031741	-0.00056397
11.746	-0.02638	-48.481	-0.75278	-0.0086048	-0.0034195	-0.00056989
11.748	-0.040883	-50.264	-0.77396	-0.0084068	-0.003665	-0.0005758
11.75	-0.05597	-52.08	-0.79513	-0.0082087	-0.0039104	-0.00058172
11.752	-0.07142	-53.92	-0.81275	-0.0078093	-0.003715	-0.00078851
11.754	-0.087119	-55.786	-0.83037	-0.00741	-0.0035197	-0.00099531
11.756	-0.10298	-57.666	-0.84652	-0.0070106	-0.0033243	-0.0012021
11.758	-0.11878	-59.562	-0.86122	-0.0066112	-0.0031289	-0.0014089
11.76	-0.13412	-61.464	-0.87591	-0.0062118	-0.0029336	-0.0016157
11.762	-0.14828	-63.371	-0.88954	-0.0054887	-0.0025145	-0.0020127
11.764	-0.16027	-65.273	-0.90316	-0.0047656	-0.0020954	-0.0024097
11.766	-0.16895	-67.17	-0.91734	-0.0040426	-0.0016764	-0.0028067
11.768	-0.17316	-69.052	-0.93209	-0.0033195	-0.0012573	-0.0032037
11.77	-0.172	-70.918	-0.94683	-0.0025964	-0.00083822	-0.0036008
11.772	-0.16499	-72.76	-0.9643	-0.0018744	-0.0004466	-0.003878
11.774	-0.15225	-74.578	-0.98177	-0.0011525	-5.4978e-05	-0.0041552
11.776	-0.13456	-76.362	-1.0008	-0.00043055	0.00033664	-0.0044324
11.778	-0.11333	-78.114	-1.0214	0.0002914	0.00072826	-0.0047096
11.78	-0.090382	-79.826	-1.042	0.0010133	0.0011199	-0.0049868
11.782	-0.067724	-81.498	-1.065	0.0012911	0.0013232	-0.0048922
11.784	-0.047235	-83.126	-1.0879	0.0015689	0.0015265	-0.0047977
11.786	-0.030381	-84.709	-1.1114	0.0018467	0.0017299	-0.0047031
11.788	-0.018011	-86.245	-1.1355	0.0021245	0.0019332	-0.0046086
11.79	-0.01025	-87.734	-1.1595	0.0024023	0.0021365	-0.004514
11.792	-0.0065415	-89.176	-1.1838	0.0021981	0.0021129	-0.0041405
11.794	-0.005799	-90.57	-1.208	0.0019938	0.0020893	-0.0037669
11.796	-0.0066538	-91.918	-1.2325	0.0017896	0.0020656	-0.0033934
11.798	-0.0077316	-93.221	-1.2571	0.0015854	0.002042	-0.0030198
11.8	-0.00791	-94.483	-1.2816	0.0013812	0.0020183	-0.0026463
11.802	-0.0065052	-95.704	-1.3079	0.0010732	0.0018749	-0.0023108
11.804	-0.0033551	-96.89	-1.3342	0.0007653	0.0017314	-0.0019753
11.806	0.001219	-98.042	-1.3623	0.00045736	0.001588	-0.0016398
11.808	0.0065442	-99.167	-1.3921	0.00014942	0.0014445	-0.0013043
11.81	0.011786	-100.27	-1.422	-0.00015852	0.0013011	-0.0009688
11.812	0.016159	-101.35	-1.457	-0.0002561	0.001235	-0.00085715
11.814	0.01911	-102.41	-1.4921	-0.00035369	0.0011689	-0.00074551
11.816	0.020416	-103.47	-1.5298	-0.00045127	0.0011028	-0.00063386
11.818	0.020212	-104.53	-1.5701	-0.00054886	0.0010367	-0.00052222
11.82	0.018923	-105.58	-1.6104	-0.00064644	0.00097062	-0.00041057
11.822	0.017137	-106.64	-1.6545	-0.00058474	0.001116	-0.00041528
11.824	0.015457	-107.72	-1.6985	-0.00052303	0.0012613	-0.00041999
11.826	0.014352	-108.81	-1.7428	-0.00046132	0.0014066	-0.0004247
11.828	0.014067	-109.93	-1.7873	-0.00039961	0.001552	-0.0004294
11.83	0.01459	-111.07	-1.8318	-0.00033791	0.0016973	-0.00043411
11.832	0.015689	-112.25	-1.8732	-0.00030885	0.0020023	-0.0003554
11.834	0.017003	-113.46	-1.9147	-0.0002798	0.0023074	-0.00027668
11.836	0.018157	-114.71	-1.9531	-0.00025074	0.0026124	-0.00019797
11.838	0.018873	-116.01	-1.9886	-0.00022169	0.0029174	-0.00011926
11.84	0.019043	-117.34	-2.0242	-0.00019263	0.0032225	-4.0544e-05
11.842	0.018752	-118.73	-2.0528	-0.00016496	0.0034717	0.00012364
11.844	0.018245	-120.16	-2.0815	-0.00013728	0.003721	0.00028782
11.846	0.017849	-121.65	-2.1074	-0.0001096	0.0039702	0.00045201
11.848	0.017867	-123.18	-2.1304	-8.1922e-05	0.0042195	0.00061619
11.85	0.018487	-124.76	-2.1535	-5.4244e-05	0.0044687	0.00078037
11.852	0.019715	-126.39	-2.1736	0.00023494	0.004441	0.00081343
11.854	0.021364	-128.07	-2.1937	0.00052412	0.0044133	0.00084649
11.856	0.023085	-129.8	-2.2138	0.0008133	0.0043856	0.00087955
11.858	0.024453	-131.56	-2.2339	0.0011025	0.0043579	0.00091261
11.86	0.025059	-133.37	-2.254	0.0013917	0.0043302	0.00094567
11.862	0.024616	-135.21	-2.2758	0.0021027	0.0039628	0.00067556
11.864	0.023022	-137.09	-2.2977	0.0028137	0.0035954	0.00040545
11.866	0.020383	-138.99	-2.3203	0.0035248	0.0032279	0.00013534
11.868	0.016981	-140.92	-2.3437	0.0042358	0.0028605	-0.00013476
11.87	0.013206	-142.87	-2.3672	0.0049468	0.0024931	-0.00040487
11.872	0.0094576	-144.84	-2.3902	0.0058647	0.0018998	-0.00086425
11.874	0.0060476	-146.82	-2.4131	0.0067826	0.0013065	-0.0013236
11.876	0.0031291	-148.8	-2.4345	0.0077005	0.00071313	-0.001783
11.878	0.00066704	-150.79	-2.4544	0.0086184	0.0001198	-0.0022424
11.88	-0.0015414	-152.77	-2.4742	0.0095363	-0.00047353	-0.0027018
11.882	-0.0038032	-154.75	-2.489	0.010187	-0.0011064	-0.0030193
11.884	-0.0064398	-156.71	-2.5038	0.010838	-0.0017393	-0.0033368
11.886	-0.0096925	-158.67	-2.5163	0.011489	-0.0023722	-0.0036544
11.888	-0.01365	-160.6	-2.5266	0.01214	-0.003005	-0.0039719
11.89	-0.018217	-162.52	-2.5369	0.012791	-0.0036379	-0.0042895
11.892	-0.023129	-164.41	-2.5462	0.012877	-0.004105	-0.0042614
11.894	-0.028014	-166.28	-2.5555	0.012963	-0.0045721	-0.0042334
11.896	-0.032481	-168.12	-2.5673	0.013048	-0.0050391	-0.0042054
11.898	-0.036224	-169.94	-2.5816	0.013134	-0.0055062	-0.0041774
11.9	-0.039104	-171.72	-2.5959	0.01322	-0.0059733	-0.0041493
11.902	-0.041195	-173.48	-2.6217	0.012917	-0.0060575	-0.0039188
11.904	-0.04277	-175.21	-2.6475	0.012613	-0.0061418	-0.0036882
11.906	-0.044259	-176.92	-2.6817	0.012309	-0.006226	-0.0034577
11.908	-0.046151	-178.59	-2.7242	0.012006	-0.0063103	-0.0032271
11.91	-0.048885	-180.25	-2.7667	0.011702	-0.0063945	-0.0029965
11.912	-0.052741	-181.88	-2.8274	0.011452	-0.0059974	-0.0028236
11.914	-0.057778	-183.49	-2.888	0.011202	-0.0056002	-0.0026507
11.916	-0.063812	-185.08	-2.956	0.010951	-0.0052031	-0.0024777
11.918	-0.070439	-186.66	-3.0315	0.010701	-0.0048059	-0.0023048
11.92	-0.077123	-188.23	-3.107	0.010451	-0.0044088	-0.0021319
11.922	-0.083304	-189.78	-3.1895	0.010487	-0.003714	-0.0020023
11.924	-0.088515	-191.33	-3.2721	0.010523	-0.0030192	-0.0018727
11.926	-0.092481	-192.87	-3.3528	0.010558	-0.0023244	-0.0017431
11.928	-0.095178	-194.41	-3.4317	0.010594	-0.0016296	-0.0016135
11.93	-0.096842	-195.95	-3.5106	0.01063	-0.00093478	-0.001484
11.932	-0.097922	-197.49	-3.5745	0.010787	-0.00030671	-0.0011415
11.934	-0.098985	-199.03	-3.6384	0.010943	0.00032136	-0.00079907
11.936	-0.10061	-200.58	-3.6899	0.0111	0.00094943	-0.00045664
11.938	-0.10324	-202.13	-3.7291	0.011257	0.0015775	-0.0001142
11.94	-0.10716	-203.68	-3.7682	0.011414	0.0022056	0.00022824
11.942	-0.11234	-205.24	-3.7762	0.011369	0.0025337	0.0008392
11.944	-0.11854	-206.8	-3.7841	0.011325	0.0028619	0.0014502
11.946	-0.12529	-208.36	-3.7752	0.01128	0.0031901	0.0020611
11.948	-0.13203	-209.91	-3.7493	0.011235	0.0035182	0.0026721
11.95	-0.13818	-211.47	-3.7234	0.011191	0.0038464	0.003283
11.952	-0.14331	-213.01	-3.6645	0.010773	0.0038807	0.0038256
11.954	-0.14718	-214.54	-3.6056	0.010355	0.0039149	0.0043683
11.956	-0.14983	-216.04	-3.5317	0.0099373	0.0039492	0.0049109
11.958	-0.15153	-217.53	-3.4428	0.0095195	0.0039834	0.0054535
11.96	-0.15278	-218.98	-3.3539	0.0091017	0.0040177	0.0059961
11.962	-0.15417	-220.39	-3.2392	0.0084006	0.0038074	0.0061203
11.964	-0.15627	-221.76	-3.1244	0.0076996	0.0035971	0.0062445
11.966	-0.15955	-223.07	-2.9989	0.0069986	0.0033868	0.0063686
11.968	-0.1642	-224.32	-2.8626	0.0062976	0.0031765	0.0064928
11.97	-0.17017	-225.5	-2.7263	0.0055966	0.0029663	0.006617
11.972	-0.17708	-226.59	-2.5729	0.0048716	0.0024851	0.0063889
11.974	-0.18433	-227.6	-2.4196	0.0041467	0.002004	0.0061608
11.976	-0.19116	-228.51	-2.26	0.0034217	0.0015228	0.0059328
11.978	-0.19682	-229.31	-2.0943	0.0026967	0.0010417	0.0057047
11.98	-0.20066	-229.99	-1.9286	0.0019718	0.00056057	0.0054766
11.982	-0.20229	-230.55	-1.7562	0.0014237	-0.00012839	0.0052518
11.984	-0.20164	-230.97	-1.5838	0.00087555	-0.00081735	0.005027
11.986	-0.19897	-231.24	-1.4113	0.00032743	-0.0015063	0.0048023
11.988	-0.19484	-231.37	-1.2388	-0.00022069	-0.0021953	0.0045775
11.99	-0.19004	-231.33	-1.0663	-0.00076881	-0.0028842	0.0043527
11.992	-0.18541	-231.13	-0.901	-0.00115	-0.0034826	0.0042817
11.994	-0.1817	-230.76	-0.73571	-0.0015311	-0.0040809	0.0042106
11.996	-0.17945	-230.2	-0.57761	-0.0019122	-0.0046793	0.0041395
11.998	-0.17887	-229.46	-0.4267	-0.0022934	-0.0052777	0.0040685
12	-0.17981	-228.53	-0.2758	-0.0026745	-0.005876	0.0039974
12.002	-0.18178	-227.42	-0.14504	-0.0029703	-0.0060274	0.0038604
12.004	-0.18404	-226.1	-0.014293	-0.003266	-0.0061787	0.0037233
12.006	-0.18577	-224.59	0.10473	-0.0035618	-0.00633	0.0035862
12.008	-0.18617	-222.88	0.21202	-0.0038575	-0.0064813	0.0034492
12.01	-0.18466	-220.98	0.3193	-0.0041533	-0.0066326	0.0033121
12.012	-0.18097	-218.88	0.40287	-0.0042872	-0.0062631	0.002888
12.014	-0.17518	-216.58	0.48644	-0.0044212	-0.0058936	0.0024639
12.016	-0.16771	-214.1	0.55947	-0.0045551	-0.0055241	0.0020398
12.018	-0.15918	-211.42	0.62196	-0.004689	-0.0051546	0.0016157
12.02	-0.15036	-208.56	0.68446	-0.0048229	-0.0047851	0.0011916
12.022	-0.14193	-205.52	0.73061	-0.0046636	-0.0042008	0.00062084
12.024	-0.13438	-202.31	0.77675	-0.0045042	-0.0036166	5.0081e-05
12.026	-0.12793	-198.93	0.81751	-0.0043448	-0.0030324	-0.00052068
12.028	-0.12248	-195.39	0.85289	-0.0041855	-0.0024481	-0.0010914
12.03	-0.11765	-191.69	0.88826	-0.0040261	-0.0018639	-0.0016622
12.032	-0.1129	-187.86	0.91804	-0.0037293	-0.0014552	-0.001999
12.034	-0.10765	-183.88	0.94783	-0.0034326	-0.0010466	-0.0023358
12.036	-0.10145	-179.78	0.9768	-0.0031359	-0.00063789	-0.0026727
12.038	-0.094061	-175.56	1.005	-0.0028391	-0.00022922	-0.0030095
12.04	-0.085558	-171.23	1.0331	-0.0025424	0.00017945	-0.0033463
12.042	-0.076288	-166.8	1.0621	-0.0025308	0.00030774	-0.0032233
12.044	-0.066807	-162.28	1.0911	-0.0025193	0.00043603	-0.0031003
12.046	-0.057757	-157.68	1.1211	-0.0025078	0.00056432	-0.0029774
12.048	-0.049718	-153.01	1.152	-0.0024962	0.00069261	-0.0028544
12.05	-0.043073	-148.27	1.183	-0.0024847	0.0008209	-0.0027314
12.052	-0.037924	-143.49	1.2164	-0.002946	0.00084657	-0.0022504
12.054	-0.034063	-138.65	1.2497	-0.0034072	0.00087225	-0.0017695
12.056	-0.031022	-133.79	1.2843	-0.0038685	0.00089792	-0.0012885
12.058	-0.028181	-128.9	1.3201	-0.0043297	0.00092359	-0.00080757
12.06	-0.024919	-124	1.356	-0.004791	0.00094926	-0.00032661
12.062	-0.02075	-119.08	1.3943	-0.005415	0.0009977	0.00022896
12.064	-0.01545	-114.16	1.4327	-0.006039	0.0010461	0.00078453
12.066	-0.0091064	-109.25	1.4722	-0.0066631	0.0010946	0.0013401
12.068	-0.0021054	-104.36	1.5129	-0.0072871	0.001143	0.0018957
12.07	0.0049544	-99.478	1.5536	-0.0079112	0.0011914	0.0024512
12.072	0.011397	-94.628	1.596	-0.0083156	0.0011792	0.0028203
12.074	0.016625	-89.808	1.6385	-0.00872	0.001167	0.0031894
12.076	0.020255	-85.028	1.681	-0.0091245	0.0011547	0.0035585
12.078	0.022211	-80.29	1.7236	-0.0095289	0.0011425	0.0039276
12.08	0.022748	-75.601	1.7662	-0.0099334	0.0011302	0.0042967
12.082	0.022393	-70.964	1.8066	-0.010163	0.00096973	0.004359
12.084	0.021834	-66.386	1.847	-0.010392	0.00080922	0.0044213
12.086	0.021775	-61.867	1.8849	-0.010621	0.00064872	0.0044837
12.088	0.022777	-57.415	1.9203	-0.010851	0.00048821	0.004546
12.09	0.025148	-53.03	1.9556	-0.01108	0.0003277	0.0046084
12.092	0.028874	-48.719	1.9833	-0.011451	9.5565e-05	0.0044404
12.094	0.033635	-44.481	2.0109	-0.011822	-0.00013657	0.0042723
12.096	0.038884	-40.322	2.0337	-0.012193	-0.0003687	0.0041043
12.098	0.043971	-36.243	2.0518	-0.012564	-0.00060083	0.0039363
12.1	0.048285	-32.248	2.0699	-0.012934	-0.00083296	0.0037683
12.102	0.051389	-28.337	2.0781	-0.013502	-0.0010017	0.0035707
12.104	0.053102	-24.515	2.0863	-0.01407	-0.0011704	0.0033731
12.106	0.053529	-20.781	2.0901	-0.014638	-0.0013391	0.0031755
12.108	0.053022	-17.141	2.0895	-0.015207	-0.0015078	0.0029779
12.11	0.052084	-13.592	2.089	-0.015775	-0.0016765	0.0027803
12.112	0.051255	-10.14	2.0819	-0.016196	-0.0017395	0.0026625
12.114	0.050987	-6.7831	2.0748	-0.016618	-0.0018024	0.0025446
12.116	0.051549	-3.5248	2.0656	-0.017039	-0.0018654	0.0024267
12.118	0.052981	-0.36488	2.0542	-0.017461	-0.0019284	0.0023088
12.12	0.055105	2.6947	2.0429	-0.017882	-0.0019913	0.0021909
12.122	0.057578	5.6538	2.0288	-0.017788	-0.0020194	0.0020692
12.124	0.059986	8.5113	2.0147	-0.017695	-0.0020475	0.0019475
12.126	0.061949	11.267	1.9992	-0.017601	-0.0020756	0.0018258
12.128	0.063203	13.921	1.9825	-0.017507	-0.0021037	0.0017041
12.13	0.063653	16.472	1.9657	-0.017413	-0.0021318	0.0015824
12.132	0.063387	18.922	1.9449	-0.016757	-0.0022371	0.0013582
12.134	0.062628	21.27	1.9242	-0.016102	-0.0023425	0.001134
12.136	0.061674	23.518	1.9003	-0.015446	-0.0024478	0.00090982
12.138	0.060816	25.665	1.8734	-0.014791	-0.0025532	0.00068562
12.14	0.060262	27.714	1.8465	-0.014135	-0.0026585	0.00046142
12.142	0.060091	29.666	1.8114	-0.013168	-0.0028404	0.00019489
12.144	0.060242	31.522	1.7763	-0.0122	-0.0030223	-7.1645e-05
12.146	0.060536	33.284	1.7369	-0.011232	-0.0032042	-0.00033818
12.148	0.060732	34.955	1.693	-0.010264	-0.003386	-0.00060471
12.15	0.060593	36.536	1.6492	-0.0092967	-0.0035679	-0.00087124
12.152	0.059952	38.031	1.5979	-0.0083228	-0.003594	-0.0010651
12.154	0.058749	39.442	1.5466	-0.0073489	-0.0036202	-0.001259
12.156	0.057054	40.772	1.4932	-0.006375	-0.0036463	-0.001453
12.158	0.055044	42.023	1.4378	-0.0054011	-0.0036724	-0.0016469
12.16	0.052967	43.201	1.3823	-0.0044272	-0.0036986	-0.0018408
12.162	0.051081	44.306	1.3273	-0.0036298	-0.0033022	-0.0019738
12.164	0.049604	45.344	1.2723	-0.0028324	-0.0029058	-0.0021068
12.166	0.048669	46.316	1.2198	-0.002035	-0.0025095	-0.0022399
12.168	0.048303	47.228	1.1697	-0.0012376	-0.0021131	-0.0023729
12.17	0.048434	48.081	1.1196	-0.00044018	-0.0017167	-0.0025059
12.172	0.048918	48.88	1.0774	0.00016817	-0.0010143	-0.0026886
12.174	0.049569	49.625	1.0351	0.00077652	-0.00031187	-0.0028713
12.176	0.050202	50.324	0.99712	0.0013849	0.00039055	-0.003054
12.178	0.050664	50.975	0.96329	0.0019932	0.001093	-0.0032367
12.18	0.050852	51.584	0.92947	0.0026016	0.0017954	-0.0034195
12.182	0.050716	52.151	0.90179	0.0031185	0.0022691	-0.0036972
12.184	0.050252	52.681	0.87412	0.0036354	0.0027429	-0.0039748
12.186	0.049485	53.173	0.84736	0.0041524	0.0032166	-0.0042525
12.188	0.048461	53.631	0.82153	0.0046693	0.0036904	-0.0045302
12.19	0.047232	54.054	0.79569	0.0051862	0.0041642	-0.0048079
12.192	0.045861	54.445	0.76662	0.0056701	0.0040354	-0.0050626
12.194	0.044428	54.803	0.73756	0.006154	0.0039065	-0.0053173
12.196	0.043029	55.13	0.70477	0.0066379	0.0037777	-0.005572
12.198	0.041783	55.425	0.66826	0.0071218	0.0036489	-0.0058267
12.2	0.040818	55.687	0.63175	0.0076057	0.0035201	-0.0060814
12.202	0.040255	55.917	0.58578	0.0079456	0.0030759	-0.0060638
12.204	0.040176	56.113	0.53981	0.0082855	0.0026316	-0.0060462
12.206	0.040599	56.275	0.48954	0.0086254	0.0021874	-0.0060286
12.208	0.041456	56.4	0.43496	0.0089654	0.0017432	-0.006011
12.21	0.042588	56.488	0.38039	0.0093053	0.0012989	-0.0059933
12.212	0.043762	56.535	0.32069	0.0092909	0.0011729	-0.0055037
12.214	0.044713	56.543	0.26098	0.0092765	0.001047	-0.005014
12.216	0.045192	56.506	0.20126	0.0092621	0.00092101	-0.0045243
12.218	0.04503	56.424	0.14151	0.0092477	0.00079503	-0.0040346
12.22	0.044179	56.294	0.081769	0.0092333	0.00066906	-0.003545
12.222	0.04274	56.116	0.027205	0.0088027	0.0010594	-0.0026988
12.224	0.040959	55.886	-0.02736	0.008372	0.0014498	-0.0018527
12.226	0.039179	55.603	-0.077384	0.0079414	0.0018402	-0.0010066
12.228	0.037777	55.265	-0.12287	0.0075107	0.0022305	-0.00016052
12.23	0.037077	54.871	-0.16835	0.0070801	0.0026209	0.00068558
12.232	0.037285	54.419	-0.20315	0.0064588	0.0030736	0.0014064
12.234	0.038425	53.909	-0.23794	0.0058375	0.0035263	0.0021272
12.236	0.040326	53.34	-0.26787	0.0052162	0.003979	0.002848
12.238	0.04265	52.711	-0.29292	0.0045949	0.0044316	0.0035689
12.24	0.044957	52.023	-0.31797	0.0039736	0.0048843	0.0042897
12.242	0.046797	51.276	-0.33624	0.0035064	0.0048977	0.0044253
12.244	0.0478	50.472	-0.35451	0.0030393	0.004911	0.0045608
12.246	0.047761	49.61	-0.37134	0.0025722	0.0049243	0.0046964
12.248	0.046687	48.694	-0.38673	0.002105	0.0049376	0.004832
12.25	0.044792	47.724	-0.40212	0.0016379	0.004951	0.0049676
12.252	0.042454	46.705	-0.41822	0.0014747	0.004539	0.0045588
12.254	0.040133	45.637	-0.43432	0.0013116	0.0041269	0.00415
12.256	0.038272	44.526	-0.45187	0.0011484	0.0037149	0.0037413
12.258	0.037204	43.372	-0.47087	0.00098529	0.0033029	0.0033325
12.26	0.037086	42.184	-0.48988	0.00082215	0.0028909	0.0029237
12.262	0.037871	40.961	-0.512	0.00081119	0.0024392	0.00247
12.264	0.039334	39.712	-0.53412	0.00080024	0.0019876	0.0020162
12.266	0.041127	38.437	-0.55695	0.00078928	0.0015359	0.0015625
12.268	0.042872	37.146	-0.58048	0.00077833	0.0010842	0.0011087
12.27	0.04424	35.84	-0.60401	0.00076737	0.00063257	0.00065499
12.272	0.045033	34.527	-0.6259	0.0006983	0.00042645	0.00055617
12.274	0.045215	33.209	-0.64779	0.00062922	0.00022033	0.00045734
12.276	0.044912	31.895	-0.66715	0.00056015	1.4213e-05	0.00035852
12.278	0.044365	30.585	-0.68397	0.00049107	-0.00019191	0.00025969
12.28	0.043865	29.29	-0.7008	0.000422	-0.00039802	0.00016087
12.282	0.043671	28.009	-0.70978	0.00033676	-0.00035056	0.00032314
12.284	0.043949	26.752	-0.71876	0.00025153	-0.0003031	0.00048541
12.286	0.044727	25.518	-0.72312	0.00016629	-0.00025563	0.00064768
12.288	0.045903	24.316	-0.72288	8.1054e-05	-0.00020817	0.00080995
12.29	0.047269	23.146	-0.72264	-4.1816e-06	-0.00016071	0.00097222
12.292	0.048577	22.014	-0.71358	0.00015945	6.2253e-06	0.00099868
12.294	0.049599	20.92	-0.70453	0.00032307	0.00017316	0.0010251
12.296	0.050195	19.871	-0.69207	0.0004867	0.00034009	0.0010516
12.298	0.050336	18.865	-0.67622	0.00065033	0.00050702	0.0010781
12.3	0.050109	17.906	-0.66036	0.00081395	0.00067395	0.0011045
12.302	0.049686	16.995	-0.64073	0.0013704	0.0008312	0.00076202
12.304	0.049265	16.133	-0.6211	0.0019268	0.00098844	0.00041952
12.306	0.049017	15.321	-0.60114	0.0024832	0.0011457	7.7015e-05
12.308	0.049026	14.557	-0.58086	0.0030396	0.0013029	-0.00026549
12.31	0.049275	13.843	-0.56058	0.003596	0.0014602	-0.00060799
12.312	0.049643	13.177	-0.54199	0.0043686	0.0015186	-0.0011636
12.314	0.04995	12.559	-0.52339	0.0051411	0.001577	-0.0017192
12.316	0.050012	11.986	-0.50609	0.0059137	0.0016354	-0.0022748
12.318	0.04971	11.457	-0.49007	0.0066863	0.0016938	-0.0028304
12.32	0.04903	10.97	-0.47406	0.0074589	0.0017522	-0.003386
12.322	0.048085	10.523	-0.4599	0.0081282	0.0016376	-0.0037849
12.324	0.047106	10.112	-0.44573	0.0087976	0.001523	-0.0041837
12.326	0.046383	9.7365	-0.43149	0.0094669	0.0014084	-0.0045826
12.328	0.046196	9.3914	-0.41717	0.010136	0.0012938	-0.0049815
12.33	0.04674	9.0763	-0.40285	0.010806	0.0011792	-0.0053804
12.332	0.048056	8.7854	-0.38594	0.011164	0.00086518	-0.0053857
12.334	0.050011	8.5187	-0.36902	0.011522	0.00055112	-0.005391
12.336	0.052308	8.2702	-0.34989	0.011881	0.00023706	-0.0053962
12.338	0.054544	8.0398	-0.32853	0.012239	-7.7001e-05	-0.0054015
12.34	0.056294	7.822	-0.30718	0.012597	-0.00039106	-0.0054068
12.342	0.057205	7.6166	-0.28109	0.012575	-0.00076237	-0.0050876
12.344	0.057088	7.4186	-0.255	0.012553	-0.0011337	-0.0047684
12.346	0.055962	7.2279	-0.22739	0.012531	-0.001505	-0.0044492
12.348	0.054058	7.04	-0.19826	0.012508	-0.0018763	-0.00413
12.35	0.051774	6.8549	-0.16913	0.012486	-0.0022476	-0.0038107
12.352	0.049594	6.6689	-0.14046	0.012078	-0.0023603	-0.0034034
12.354	0.047977	6.482	-0.11179	0.01167	-0.0024731	-0.0029961
12.356	0.047262	6.2914	-0.085557	0.011262	-0.0025858	-0.0025888
12.358	0.047584	6.0971	-0.061757	0.010854	-0.0026986	-0.0021815
12.36	0.048853	5.8972	-0.037958	0.010446	-0.0028113	-0.0017742
12.362	0.050775	5.6915	-0.023014	0.0097568	-0.0024564	-0.0014469
12.364	0.052926	5.479	-0.008071	0.0090675	-0.0021014	-0.0011196
12.366	0.054846	5.2596	0.0013412	0.0083782	-0.0017465	-0.00079231
12.368	0.056148	5.033	0.0052223	0.007689	-0.0013915	-0.00046503
12.37	0.056611	4.799	0.0091033	0.0069997	-0.0010366	-0.00013775
12.372	0.056225	4.5579	0.0023931	0.0062964	-0.00041127	5.7677e-05
12.374	0.055193	4.3095	-0.0043171	0.0055931	0.00021406	0.0002531
12.376	0.053868	4.0544	-0.014711	0.0048898	0.00083938	0.00044853
12.378	0.052667	3.7926	-0.028788	0.0041865	0.0014647	0.00064395
12.38	0.051964	3.5248	-0.042865	0.0034832	0.00209	0.00083937
12.382	0.051993	3.251	-0.059177	0.0030446	0.0025041	0.00087451
12.384	0.052775	2.972	-0.075488	0.0026061	0.0029182	0.00090965
12.386	0.05411	2.6878	-0.090169	0.0021675	0.0033323	0.0009448
12.388	0.055617	2.399	-0.10322	0.0017289	0.0037464	0.00097994
12.39	0.056812	2.1057	-0.11627	0.0012904	0.0041605	0.0010151
12.392	0.057221	1.8085	-0.12195	0.0011605	0.0040843	0.000891
12.394	0.056494	1.5071	-0.12763	0.0010307	0.0040081	0.00076693
12.396	0.054493	1.202	-0.12895	0.00090079	0.0039319	0.00064285
12.398	0.051338	0.89304	-0.12589	0.00077092	0.0038557	0.00051878
12.4	0.047389	0.58017	-0.12284	0.00064106	0.0037795	0.00039471
12.402	0.043187	0.26339	-0.1129	0.00061202	0.0034158	0.00021645
12.404	0.039347	-0.057712	-0.10297	0.00058299	0.0030521	3.8185e-05
12.406	0.036439	-0.38313	-0.0918	0.00055396	0.0026885	-0.00014008
12.408	0.03487	-0.71354	-0.079407	0.00052492	0.0023248	-0.00031834
12.41	0.034805	-1.0489	-0.067015	0.00049589	0.0019611	-0.0004966
12.412	0.03613	-1.3902	-0.057665	0.00036917	0.0017238	-0.00058727
12.414	0.038479	-1.7372	-0.048315	0.00024245	0.0014865	-0.00067794
12.416	0.041305	-2.091	-0.042816	0.00011573	0.0012492	-0.00076862
12.418	0.043987	-2.4515	-0.041168	-1.0983e-05	0.0010119	-0.00085929
12.42	0.045945	-2.8196	-0.03952	-0.0001377	0.00077453	-0.00094996
12.422	0.046753	-3.1953	-0.047785	-0.00034689	0.00079887	-0.00090311
12.424	0.046215	-3.5792	-0.05605	-0.00055608	0.00082321	-0.00085626
12.426	0.044395	-3.9715	-0.068786	-0.00076526	0.00084754	-0.00080941
12.428	0.041593	-4.3723	-0.085991	-0.00097445	0.00087188	-0.00076255
12.43	0.038283	-4.7819	-0.1032	-0.0011836	0.00089622	-0.0007157
12.432	0.035027	-5.2	-0.12557	-0.0013513	0.00091063	-0.00053995
12.434	0.032363	-5.6269	-0.14795	-0.0015189	0.00092504	-0.00036421
12.436	0.030717	-6.062	-0.17032	-0.0016866	0.00093946	-0.00018846
12.438	0.030324	-6.5053	-0.19267	-0.0018542	0.00095387	-1.2712e-05
12.44	0.031206	-6.956	-0.21502	-0.0020219	0.00096828	0.00016304
12.442	0.03318	-7.4141	-0.23253	-0.0021534	0.00065976	0.00047829
12.444	0.035896	-7.8783	-0.25004	-0.0022849	0.00035124	0.00079354
12.446	0.038912	-8.3487	-0.26371	-0.0024164	4.2718e-05	0.0011088
12.448	0.04177	-8.8235	-0.27354	-0.002548	-0.0002658	0.001424
12.45	0.044086	-9.3029	-0.28337	-0.0026795	-0.00057433	0.0017393
12.452	0.045604	-9.785	-0.28543	-0.0029201	-0.0011436	0.0021173
12.454	0.046228	-10.27	-0.28749	-0.0031607	-0.0017129	0.0024952
12.456	0.046038	-10.756	-0.28684	-0.0034012	-0.0022822	0.0028732
12.458	0.04526	-11.242	-0.2835	-0.0036418	-0.0028514	0.0032512
12.46	0.044221	-11.729	-0.28016	-0.0038824	-0.0034207	0.0036291
12.462	0.043285	-12.214	-0.27507	-0.0042398	-0.0038277	0.0037973
12.464	0.042791	-12.697	-0.26997	-0.0045972	-0.0042347	0.0039654
12.466	0.042996	-13.179	-0.26568	-0.0049546	-0.0046417	0.0041336
12.468	0.044033	-13.657	-0.26219	-0.005312	-0.0050487	0.0043017
12.47	0.045899	-14.133	-0.2587	-0.0056694	-0.0054557	0.0044699
12.472	0.048457	-14.607	-0.25864	-0.0058447	-0.00534	0.0041655
12.474	0.051469	-15.078	-0.25857	-0.00602	-0.0052244	0.0038611
12.476	0.054642	-15.547	-0.26015	-0.0061954	-0.0051088	0.0035566
12.478	0.057687	-16.014	-0.26335	-0.0063707	-0.0049931	0.0032522
12.48	0.060365	-16.482	-0.26656	-0.006546	-0.0048775	0.0029478
12.482	0.062531	-16.951	-0.27147	-0.0062401	-0.0043086	0.0022597
12.484	0.064152	-17.423	-0.27638	-0.0059341	-0.0037396	0.0015716
12.486	0.065309	-17.898	-0.2813	-0.0056282	-0.0031707	0.00088345
12.488	0.066165	-18.382	-0.28623	-0.0053223	-0.0026017	0.00019534
12.49	0.066927	-18.872	-0.29116	-0.0050163	-0.0020328	-0.00049278
12.492	0.067789	-19.376	-0.29581	-0.0044014	-0.0014384	-0.0011225
12.494	0.068888	-19.893	-0.30046	-0.0037864	-0.00084395	-0.0017523
12.496	0.070267	-20.428	-0.30597	-0.0031715	-0.00024953	-0.002382
12.498	0.071858	-20.982	-0.31234	-0.0025565	0.00034489	-0.0030118
12.5	0.073498	-21.561	-0.31871	-0.0019415	0.00093931	-0.0036415
12.502	0.074959	-22.166	-0.33103	-0.0015905	0.0011766	-0.0038105
12.504	0.076004	-22.802	-0.34336	-0.0012394	0.001414	-0.0039795
12.506	0.076443	-23.471	-0.36131	-0.00088831	0.0016513	-0.0041485
12.508	0.076177	-24.178	-0.3849	-0.00053723	0.0018886	-0.0043175
12.51	0.075228	-24.924	-0.40849	-0.00018615	0.0021259	-0.0044865
12.512	0.07374	-25.714	-0.44781	-0.00043724	0.001953	-0.0041683
12.514	0.07195	-26.55	-0.48713	-0.00068833	0.00178	-0.00385
12.516	0.070134	-27.437	-0.53515	-0.00093942	0.0016071	-0.0035318
12.518	0.068542	-28.373	-0.59187	-0.0011905	0.0014341	-0.0032135
12.52	0.067337	-29.365	-0.6486	-0.0014416	0.0012612	-0.0028953
12.522	0.066551	-30.411	-0.72041	-0.0020113	0.00086841	-0.0023781
12.524	0.066068	-31.515	-0.79222	-0.0025811	0.00047565	-0.001861
12.526	0.065641	-32.677	-0.86843	-0.0031508	8.2888e-05	-0.0013438
12.528	0.064949	-33.898	-0.94902	-0.0037206	-0.00030987	-0.0008267
12.53	0.063665	-35.178	-1.0296	-0.0042903	-0.00070264	-0.00030957
12.532	0.061533	-36.516	-1.11	-0.004617	-0.0011108	0.00012031
12.534	0.058437	-37.912	-1.1904	-0.0049438	-0.001519	0.00055018
12.536	0.054431	-39.364	-1.2661	-0.0052705	-0.0019272	0.00098005
12.538	0.049741	-40.871	-1.337	-0.0055972	-0.0023354	0.0014099
12.54	0.044721	-42.43	-1.4078	-0.0059239	-0.0027436	0.0018398
12.542	0.039774	-44.04	-1.4618	-0.0057682	-0.0030241	0.0021114
12.544	0.035271	-45.694	-1.5158	-0.0056125	-0.0033046	0.0023829
12.546	0.03146	-47.393	-1.5596	-0.0054567	-0.0035851	0.0026545
12.548	0.0284	-49.128	-1.5932	-0.005301	-0.0038657	0.0029261
12.55	0.025939	-50.9	-1.6268	-0.0051453	-0.0041462	0.0031977
12.552	0.023732	-52.7	-1.6408	-0.0047725	-0.0042014	0.0033974
12.554	0.021297	-54.527	-1.6548	-0.0043996	-0.0042567	0.0035972
12.556	0.018096	-56.37	-1.6613	-0.0040268	-0.004312	0.0037969
12.558	0.013626	-58.231	-1.6602	-0.0036539	-0.0043672	0.0039967
12.56	0.0074987	-60.099	-1.6591	-0.0032811	-0.0044225	0.0041965
12.562	-0.00050829	-61.972	-1.6495	-0.0031356	-0.0042672	0.004369
12.564	-0.010443	-63.841	-1.6398	-0.0029901	-0.004112	0.0045415
12.566	-0.0222	-65.706	-1.629	-0.0028446	-0.0039567	0.004714
12.568	-0.035567	-67.557	-1.6172	-0.0026991	-0.0038014	0.0048865
12.57	-0.050277	-69.392	-1.6053	-0.0025536	-0.0036462	0.0050591
12.572	-0.066053	-71.204	-1.5962	-0.0028028	-0.0034375	0.0051012
12.574	-0.082631	-72.992	-1.587	-0.003052	-0.0032288	0.0051433
12.576	-0.099737	-74.749	-1.5805	-0.0033012	-0.0030201	0.0051853
12.578	-0.11704	-76.473	-1.5767	-0.0035505	-0.0028114	0.0052274
12.58	-0.13411	-78.16	-1.5728	-0.0037997	-0.0026026	0.0052695
12.582	-0.15034	-79.809	-1.5749	-0.0041626	-0.0024719	0.0050335
12.584	-0.16496	-81.417	-1.577	-0.0045254	-0.0023411	0.0047975
12.586	-0.177	-82.982	-1.5819	-0.0048883	-0.0022104	0.0045615
12.588	-0.18545	-84.504	-1.5895	-0.0052512	-0.0020796	0.0043255
12.59	-0.18933	-85.982	-1.5971	-0.005614	-0.0019488	0.0040894
12.592	-0.18788	-87.416	-1.6099	-0.0056545	-0.0018422	0.0035867
12.594	-0.18071	-88.807	-1.6228	-0.005695	-0.0017356	0.0030839
12.596	-0.16792	-90.158	-1.6384	-0.0057354	-0.001629	0.0025811
12.598	-0.15017	-91.467	-1.6567	-0.0057759	-0.0015224	0.0020783
12.6	-0.12866	-92.741	-1.6751	-0.0058163	-0.0014158	0.0015756
12.602	-0.10498	-93.978	-1.6998	-0.0054198	-0.0012121	0.0010371
12.604	-0.080942	-95.185	-1.7246	-0.0050232	-0.0010084	0.00049855
12.606	-0.058302	-96.362	-1.7528	-0.0046267	-0.00080473	-3.9955e-05
12.608	-0.038555	-97.517	-1.7846	-0.0042302	-0.00060103	-0.00057846
12.61	-0.022712	-98.65	-1.8163	-0.0038336	-0.00039733	-0.001117
12.612	-0.011184	-99.77	-1.8544	-0.0032962	-0.00013095	-0.0014298
12.614	-0.0037647	-100.88	-1.8926	-0.0027588	0.00013543	-0.0017426
12.616	0.00027637	-101.98	-1.9327	-0.0022214	0.00040181	-0.0020554
12.618	0.0020137	-103.07	-1.9747	-0.001684	0.00066819	-0.0023683
12.62	0.002641	-104.18	-2.0168	-0.0011466	0.00093457	-0.0026811
12.622	0.0032381	-105.28	-2.0585	-0.00075785	0.0011002	-0.0027202
12.624	0.0045786	-106.4	-2.1002	-0.00036913	0.0012659	-0.0027593
12.626	0.0070184	-107.54	-2.1392	1.9585e-05	0.0014316	-0.0027984
12.628	0.010483	-108.69	-2.1755	0.0004083	0.0015972	-0.0028375
12.63	0.014542	-109.87	-2.2118	0.00079702	0.0017629	-0.0028766
12.632	0.018566	-111.07	-2.2384	0.0010791	0.0017712	-0.0028198
12.634	0.021905	-112.3	-2.2649	0.0013612	0.0017796	-0.0027631
12.636	0.024069	-113.56	-2.2857	0.0016433	0.001788	-0.0027063
12.638	0.02485	-114.86	-2.3006	0.0019255	0.0017963	-0.0026496
12.64	0.024369	-116.19	-2.3156	0.0022076	0.0018047	-0.0025929
12.642	0.023046	-117.56	-2.3203	0.0025362	0.0017926	-0.0026058
12.644	0.021486	-118.96	-2.325	0.0028649	0.0017806	-0.0026187
12.646	0.020326	-120.4	-2.3269	0.0031936	0.0017685	-0.0026317
12.648	0.020078	-121.87	-2.3261	0.0035223	0.0017565	-0.0026446
12.65	0.020998	-123.38	-2.3253	0.003851	0.0017445	-0.0026576
12.652	0.023024	-124.93	-2.3256	0.0041232	0.0018631	-0.0026953
12.654	0.025787	-126.51	-2.326	0.0043953	0.0019818	-0.002733
12.656	0.028696	-128.12	-2.3304	0.0046675	0.0021005	-0.0027707
12.658	0.031085	-129.76	-2.3388	0.0049397	0.0022192	-0.0028084
12.66	0.032367	-131.42	-2.3472	0.0052119	0.0023378	-0.0028461
12.662	0.03217	-133.11	-2.3685	0.0051563	0.0025684	-0.0027436
12.664	0.030436	-134.82	-2.3898	0.0051006	0.002799	-0.0026411
12.666	0.027439	-136.55	-2.4183	0.005045	0.0030296	-0.0025387
12.668	0.023722	-138.29	-2.4539	0.0049893	0.0032602	-0.0024362
12.67	0.019977	-140.04	-2.4895	0.0049337	0.0034908	-0.0023337
12.672	0.016896	-141.81	-2.537	0.0045153	0.0036732	-0.002064
12.674	0.015016	-143.58	-2.5845	0.0040969	0.0038557	-0.0017943
12.676	0.014602	-145.35	-2.6352	0.0036785	0.0040382	-0.0015246
12.678	0.01559	-147.13	-2.6893	0.00326	0.0042206	-0.0012548
12.68	0.017603	-148.9	-2.7434	0.0028416	0.0044031	-0.00098511
12.682	0.020037	-150.68	-2.7974	0.0023797	0.0043922	-0.00073978
12.684	0.022191	-152.44	-2.8514	0.0019178	0.0043814	-0.00049445
12.686	0.023419	-154.21	-2.9024	0.0014559	0.0043706	-0.00024912
12.688	0.023256	-155.96	-2.9503	0.00099405	0.0043597	-3.7924e-06
12.69	0.021513	-157.71	-2.9983	0.00053215	0.0043489	0.00024154
12.692	0.018299	-159.45	-3.0364	0.00037154	0.0041218	0.00027351
12.694	0.013986	-161.18	-3.0745	0.00021093	0.0038947	0.00030548
12.696	0.0091152	-162.91	-3.1071	5.0318e-05	0.0036676	0.00033745
12.698	0.0042728	-164.63	-3.1343	-0.00011029	0.0034406	0.00036942
12.7	-3.19e-05	-166.35	-3.1615	-0.00027091	0.0032135	0.00040139
12.702	-0.0034688	-168.06	-3.1793	-0.0001216	0.0028678	0.00029157
12.704	-0.0059435	-169.77	-3.197	2.7705e-05	0.0025221	0.00018176
12.706	-0.0075988	-171.47	-3.2115	0.00017701	0.0021764	7.1951e-05
12.708	-0.0087632	-173.18	-3.2227	0.00032632	0.0018307	-3.786e-05
12.71	-0.009866	-174.9	-3.2339	0.00047562	0.001485	-0.00014767
12.712	-0.01134	-176.62	-3.2417	0.00060699	0.0011536	-0.00012715
12.714	-0.013529	-178.35	-3.2495	0.00073835	0.00082213	-0.00010662
12.716	-0.016619	-180.09	-3.2568	0.00086972	0.00049071	-8.6094e-05
12.718	-0.020617	-181.84	-3.2636	0.0010011	0.00015928	-6.5568e-05
12.72	-0.025364	-183.61	-3.2704	0.0011325	-0.00017214	-4.5042e-05
12.722	-0.030586	-185.4	-3.2775	0.0009192	-0.00042227	0.00023187
12.724	-0.035959	-187.21	-3.2845	0.00070595	-0.0006724	0.00050878
12.726	-0.041176	-189.03	-3.2918	0.0004927	-0.00092252	0.00078569
12.728	-0.046005	-190.88	-3.2992	0.00027944	-0.0011727	0.0010626
12.73	-0.050324	-192.75	-3.3067	6.6193e-05	-0.0014228	0.0013395
12.732	-0.05412	-194.65	-3.3142	-0.00047273	-0.0016165	0.0016634
12.734	-0.057477	-196.56	-3.3218	-0.0010116	-0.0018102	0.0019873
12.736	-0.060537	-198.5	-3.3292	-0.0015506	-0.0020038	0.0023112
12.738	-0.063465	-200.46	-3.3364	-0.0020895	-0.0021975	0.0026351
12.74	-0.066417	-202.44	-3.3436	-0.0026284	-0.0023912	0.002959
12.742	-0.069523	-204.44	-3.3502	-0.0030785	-0.0025571	0.0030033
12.744	-0.072877	-206.44	-3.3567	-0.0035286	-0.0027229	0.0030475
12.746	-0.076546	-208.46	-3.3628	-0.0039787	-0.0028888	0.0030918
12.748	-0.080581	-210.49	-3.3682	-0.0044289	-0.0030546	0.0031361
12.75	-0.085028	-212.52	-3.3737	-0.004879	-0.0032205	0.0031804
12.752	-0.089924	-214.55	-3.3768	-0.0047414	-0.0032773	0.0028321
12.754	-0.095296	-216.57	-3.38	-0.0046038	-0.0033341	0.0024838
12.756	-0.10114	-218.57	-3.3808	-0.0044661	-0.0033909	0.0021354
12.758	-0.10741	-220.56	-3.3793	-0.0043285	-0.0034477	0.0017871
12.76	-0.11399	-222.52	-3.3778	-0.0041909	-0.0035046	0.0014388
12.762	-0.12071	-224.46	-3.368	-0.0033479	-0.0033007	0.00087069
12.764	-0.12733	-226.34	-3.3581	-0.0025049	-0.0030969	0.00030254
12.766	-0.13361	-228.19	-3.3418	-0.001662	-0.0028931	-0.00026561
12.768	-0.13931	-229.98	-3.319	-0.00081897	-0.0026892	-0.00083376
12.77	-0.14424	-231.71	-3.2962	2.4011e-05	-0.0024854	-0.0014019
12.772	-0.14829	-233.36	-3.2558	0.0011266	-0.0020145	-0.0019127
12.774	-0.15149	-234.95	-3.2154	0.0022291	-0.0015436	-0.0024236
12.776	-0.15394	-236.44	-3.1645	0.0033317	-0.0010727	-0.0029344
12.778	-0.15584	-237.85	-3.1031	0.0044342	-0.00060174	-0.0034453
12.78	-0.15745	-239.16	-3.0417	0.0055368	-0.00013082	-0.0039561
12.782	-0.15903	-240.36	-2.9579	0.0062772	0.0003459	-0.0042327
12.784	-0.1608	-241.45	-2.8742	0.0070177	0.00082262	-0.0045093
12.786	-0.16291	-242.42	-2.7801	0.0077581	0.0012993	-0.004786
12.788	-0.16544	-243.26	-2.6756	0.0084986	0.0017761	-0.0050626
12.79	-0.16838	-243.98	-2.5711	0.009239	0.0022528	-0.0053392
12.792	-0.17166	-244.56	-2.4502	0.0094089	0.0024016	-0.0053679
12.794	-0.17517	-245	-2.3293	0.0095789	0.0025503	-0.0053965
12.796	-0.17881	-245.3	-2.2033	0.0097488	0.0026991	-0.0054252
12.798	-0.18246	-245.44	-2.0723	0.0099187	0.0028479	-0.0054539
12.8	-0.18603	-245.44	-1.9412	0.010089	0.0029966	-0.0054825
12.802	-0.18945	-245.28	-1.8072	0.0099893	0.0027444	-0.0053432
12.804	-0.19263	-244.96	-1.6732	0.00989	0.0024922	-0.0052039
12.806	-0.19547	-244.48	-1.541	0.0097906	0.0022399	-0.0050646
12.808	-0.19785	-243.84	-1.4107	0.0096913	0.0019877	-0.0049253
12.81	-0.19962	-243.04	-1.2805	0.0095919	0.0017355	-0.004786
12.812	-0.20061	-242.08	-1.1593	0.0095515	0.0013603	-0.0045849
12.814	-0.20071	-240.95	-1.0382	0.009511	0.00098525	-0.0043838
12.816	-0.19983	-239.66	-0.92328	0.0094706	0.00061015	-0.0041827
12.818	-0.198	-238.21	-0.81459	0.0094301	0.00023505	-0.0039816
12.82	-0.19533	-236.6	-0.7059	0.0093896	-0.00014005	-0.0037805
12.822	-0.19203	-234.82	-0.61096	0.0093506	-0.00028607	-0.0036311
12.824	-0.18838	-232.89	-0.51601	0.0093115	-0.00043209	-0.0034817
12.826	-0.18467	-230.8	-0.42774	0.0092724	-0.0005781	-0.0033323
12.828	-0.18115	-228.55	-0.34613	0.0092333	-0.00072412	-0.0031828
12.83	-0.17796	-226.15	-0.26453	0.0091942	-0.00087014	-0.0030334
12.832	-0.17511	-223.6	-0.19479	0.0088857	-0.00072887	-0.0029884
12.834	-0.17244	-220.9	-0.12505	0.0085772	-0.00058761	-0.0029434
12.836	-0.16968	-218.06	-0.060302	0.0082686	-0.00044635	-0.0028984
12.838	-0.16648	-215.07	-0.00054784	0.0079601	-0.00030508	-0.0028534
12.84	-0.16246	-211.94	0.059207	0.0076516	-0.00016382	-0.0028084
12.842	-0.15734	-208.68	0.11071	0.0070683	-7.3511e-06	-0.0027629
12.844	-0.15097	-205.28	0.1622	0.006485	0.00014911	-0.0027173
12.846	-0.14338	-201.75	0.21021	0.0059017	0.00030558	-0.0026717
12.848	-0.13476	-198.1	0.25472	0.0053184	0.00046205	-0.0026261
12.85	-0.12546	-194.32	0.29923	0.0047351	0.00061851	-0.0025805
12.852	-0.11594	-190.43	0.3375	0.0042201	0.00056048	-0.0023491
12.854	-0.10663	-186.41	0.37578	0.003705	0.00050245	-0.0021176
12.856	-0.097901	-182.29	0.41116	0.0031899	0.00044443	-0.0018862
12.858	-0.089993	-178.07	0.44365	0.0026748	0.0003864	-0.0016547
12.86	-0.082978	-173.74	0.47613	0.0021598	0.00032837	-0.0014233
12.862	-0.076772	-169.31	0.50333	0.0019403	0.00018718	-0.00099345
12.864	-0.071164	-164.79	0.53052	0.0017209	4.5983e-05	-0.00056361
12.866	-0.065879	-160.19	0.55555	0.0015014	-9.521e-05	-0.00013377
12.868	-0.060637	-155.5	0.57842	0.001282	-0.0002364	0.00029607
12.87	-0.055213	-150.74	0.60128	0.0010625	-0.0003776	0.00072592
12.872	-0.049472	-145.9	0.62152	0.00092493	-0.00029675	0.0011251
12.874	-0.043379	-141	0.64175	0.00078732	-0.0002159	0.0015244
12.876	-0.036987	-136.05	0.6619	0.00064972	-0.00013506	0.0019236
12.878	-0.0304	-131.04	0.68197	0.00051212	-5.4213e-05	0.0023228
12.88	-0.023742	-125.99	0.70204	0.00037451	2.6632e-05	0.0027221
12.882	-0.017116	-120.9	0.72485	1.5621e-05	0.00034049	0.0029235
12.884	-0.010596	-115.78	0.74767	-0.00034327	0.00065435	0.003125
12.886	-0.0042179	-110.63	0.77322	-0.00070217	0.00096821	0.0033264
12.888	0.0019978	-105.47	0.8015	-0.0010611	0.0012821	0.0035279
12.89	0.0080222	-100.3	0.82978	-0.00142	0.0015959	0.0037293
12.892	0.013796	-95.139	0.86527	-0.0018655	0.0017559	0.0038841
12.894	0.019218	-89.977	0.90075	-0.0023111	0.0019158	0.0040388
12.896	0.024153	-84.835	0.93984	-0.0027566	0.0020758	0.0041936
12.898	0.028459	-79.714	0.98255	-0.0032022	0.0022357	0.0043484
12.9	0.03203	-74.628	1.0253	-0.0036478	0.0023957	0.0045031
12.902	0.03483	-69.579	1.0732	-0.00376	0.0020704	0.004833
12.904	0.036928	-64.582	1.1211	-0.0038722	0.001745	0.0051629
12.906	0.038508	-59.636	1.1696	-0.0039845	0.0014197	0.0054928
12.908	0.039844	-54.758	1.2188	-0.0040967	0.0010944	0.0058227
12.91	0.041251	-49.948	1.2681	-0.0042089	0.00076907	0.0061526
12.912	0.043023	-45.218	1.3137	-0.0039433	0.00013535	0.0065116
12.914	0.045366	-40.57	1.3594	-0.0036776	-0.00049836	0.0068706
12.916	0.04834	-36.017	1.4008	-0.003412	-0.0011321	0.0072297
12.918	0.05184	-31.558	1.4381	-0.0031463	-0.0017658	0.0075887
12.92	0.055618	-27.204	1.4754	-0.0028807	-0.0023995	0.0079477
12.922	0.059327	-22.956	1.5009	-0.0027058	-0.0028241	0.0078858
12.924	0.062605	-18.822	1.5263	-0.0025308	-0.0032487	0.0078238
12.926	0.065169	-14.803	1.5452	-0.0023559	-0.0036733	0.0077619
12.928	0.066885	-10.906	1.5574	-0.002181	-0.0040979	0.0077
12.93	0.067808	-7.1299	1.5697	-0.002006	-0.0045225	0.007638
12.932	0.068178	-3.4805	1.5695	-0.0022631	-0.004481	0.006961
12.934	0.068368	0.042715	1.5693	-0.0025202	-0.0044394	0.0062839
12.936	0.068794	3.4375	1.564	-0.0027772	-0.0043979	0.0056068
12.938	0.069804	6.7038	1.5537	-0.0030343	-0.0043563	0.0049297
12.94	0.071588	9.8418	1.5434	-0.0032914	-0.0043148	0.0042527
12.942	0.07411	12.852	1.5257	-0.0037516	-0.0040212	0.0033452
12.944	0.077101	15.736	1.5079	-0.0042117	-0.0037275	0.0024377
12.946	0.080107	18.494	1.4875	-0.0046719	-0.0034339	0.0015302
12.948	0.082587	21.131	1.4644	-0.0051321	-0.0031403	0.00062271
12.95	0.084035	23.647	1.4412	-0.0055923	-0.0028466	-0.00028478
12.952	0.084109	26.049	1.4134	-0.0058539	-0.0025401	-0.00079671
12.954	0.082719	28.336	1.3856	-0.0061156	-0.0022335	-0.0013086
12.956	0.080068	30.516	1.3552	-0.0063772	-0.0019269	-0.0018206
12.958	0.076621	32.589	1.3222	-0.0066389	-0.0016203	-0.0023325
12.96	0.073015	34.565	1.2892	-0.0069006	-0.0013137	-0.0028444
12.962	0.069923	36.444	1.2503	-0.006953	-0.00089958	-0.0026822
12.964	0.067911	38.235	1.2113	-0.0070054	-0.00048541	-0.0025201
12.966	0.067312	39.938	1.1696	-0.0070579	-7.1251e-05	-0.0023579
12.968	0.068153	41.564	1.125	-0.0071103	0.00034291	-0.0021957
12.97	0.070152	43.112	1.0805	-0.0071628	0.00075708	-0.0020335
12.972	0.072786	44.593	1.0326	-0.0072845	0.0014018	-0.0014676
12.974	0.075414	46.006	0.98468	-0.0074063	0.0020466	-0.00090171
12.976	0.077423	47.361	0.93743	-0.0075281	0.0026913	-0.00033582
12.978	0.078367	48.659	0.89083	-0.0076498	0.0033361	0.00023008
12.98	0.078066	49.908	0.84422	-0.0077716	0.0039809	0.00079597
12.982	0.07663	51.107	0.805	-0.0080267	0.0045682	0.0012498
12.984	0.074423	52.265	0.76578	-0.0082819	0.0051555	0.0017037
12.986	0.071958	53.381	0.73316	-0.008537	0.0057428	0.0021576
12.988	0.069751	54.462	0.70713	-0.0087922	0.0063301	0.0026115
12.99	0.068187	55.508	0.68111	-0.0090473	0.0069174	0.0030653
12.992	0.067424	56.523	0.67174	-0.0091634	0.0069408	0.0030759
12.994	0.067347	57.508	0.66236	-0.0092794	0.0069642	0.0030866
12.996	0.067601	58.466	0.66103	-0.0093954	0.0069876	0.0030972
12.998	0.0677	59.396	0.66773	-0.0095115	0.007011	0.0031078
13	0.067159	60.3	0.67444	-0.0096275	0.0070344	0.0031185
13.002	0.065645	61.178	0.69215	-0.009365	0.0063805	0.0027324
13.004	0.063087	62.031	0.70986	-0.0091024	0.0057266	0.0023464
13.006	0.059717	62.858	0.72877	-0.0088399	0.0050727	0.0019604
13.008	0.056036	63.658	0.74888	-0.0085773	0.0044188	0.0015744
13.01	0.052711	64.431	0.76898	-0.0083148	0.0037649	0.0011884
13.012	0.050411	65.175	0.78154	-0.0077651	0.0028968	0.00071725
13.014	0.049639	65.89	0.7941	-0.0072154	0.0020287	0.00024608
13.016	0.05059	66.571	0.79863	-0.0066658	0.0011606	-0.00022508
13.018	0.053078	67.22	0.79514	-0.0061161	0.00029257	-0.00069625
13.02	0.05656	67.833	0.79165	-0.0055664	-0.00057551	-0.0011674
13.022	0.060238	68.408	0.76739	-0.0050369	-0.0011175	-0.0014118
13.024	0.063229	68.943	0.74313	-0.0045073	-0.0016596	-0.0016562
13.026	0.064767	69.437	0.70861	-0.0039777	-0.0022016	-0.0019005
13.028	0.064388	69.885	0.66383	-0.0034481	-0.0027436	-0.0021449
13.03	0.06204	70.288	0.61905	-0.0029185	-0.0032857	-0.0023893
13.032	0.058108	70.641	0.55851	-0.0026494	-0.003413	-0.0022937
13.034	0.053335	70.944	0.49797	-0.0023803	-0.0035404	-0.0021981
13.036	0.048654	71.193	0.43329	-0.0021112	-0.0036678	-0.0021025
13.038	0.044974	71.39	0.36446	-0.0018421	-0.0037951	-0.002007
13.04	0.04297	71.529	0.29563	-0.0015729	-0.0039225	-0.0019114
13.042	0.042923	71.612	0.22624	-0.0015965	-0.0039012	-0.0015949
13.044	0.044644	71.636	0.15684	-0.0016201	-0.0038799	-0.0012784
13.046	0.047523	71.601	0.090038	-0.0016437	-0.0038586	-0.00096194
13.048	0.050668	71.505	0.025823	-0.0016673	-0.0038374	-0.00064545
13.05	0.053116	71.349	-0.038392	-0.0016909	-0.0038161	-0.00032896
13.052	0.054069	71.133	-0.094813	-0.001819	-0.0037629	-5.7973e-05
13.054	0.053089	70.856	-0.15123	-0.001947	-0.0037098	0.00021302
13.056	0.050215	70.519	-0.20391	-0.0020751	-0.0036566	0.00048401
13.058	0.045967	70.122	-0.25284	-0.0022031	-0.0036035	0.000755
13.06	0.041231	69.668	-0.30177	-0.0023312	-0.0035503	0.001026
13.062	0.037064	69.156	-0.34507	-0.0022479	-0.0032793	0.001003
13.064	0.034441	68.589	-0.38836	-0.0021646	-0.0030082	0.00097997
13.066	0.034026	67.967	-0.42963	-0.0020814	-0.0027371	0.00095696
13.068	0.036002	67.295	-0.46888	-0.0019981	-0.0024661	0.00093394
13.07	0.040015	66.572	-0.50813	-0.0019148	-0.002195	0.00091093
13.072	0.045237	65.803	-0.54322	-0.0014547	-0.0016145	0.00057103
13.074	0.050533	64.989	-0.57831	-0.00099459	-0.001034	0.00023112
13.076	0.054719	64.135	-0.61018	-0.00053448	-0.00045355	-0.00010878
13.078	0.056812	63.242	-0.63885	-7.4364e-05	0.00012693	-0.00044868
13.08	0.056254	62.315	-0.66752	0.00038575	0.00070742	-0.00078859
13.082	0.053037	61.355	-0.68615	0.00098129	0.001273	-0.0011716
13.084	0.047712	60.369	-0.70477	0.0015768	0.0018387	-0.0015546
13.086	0.041269	59.357	-0.71669	0.0021724	0.0024043	-0.0019377
13.088	0.034929	58.326	-0.7219	0.0027679	0.0029699	-0.0023207
13.09	0.029885	57.276	-0.72712	0.0033634	0.0035356	-0.0027037
13.092	0.02705	56.216	-0.71751	0.0035988	0.0036031	-0.0027677
13.094	0.026876	55.145	-0.70791	0.0038342	0.0036707	-0.0028317
13.096	0.029278	54.07	-0.69174	0.0040695	0.0037382	-0.0028957
13.098	0.033665	52.993	-0.669	0.0043049	0.0038058	-0.0029597
13.1	0.039088	51.92	-0.64625	0.0045403	0.0038734	-0.0030236
13.102	0.04446	50.852	-0.6151	0.0041733	0.0033116	-0.002648
13.104	0.04879	49.796	-0.58395	0.0038063	0.0027499	-0.0022723
13.106	0.051383	48.752	-0.55188	0.0034392	0.0021881	-0.0018966
13.108	0.051968	47.727	-0.5189	0.0030722	0.0016263	-0.0015209
13.11	0.050723	46.722	-0.48592	0.0027052	0.0010646	-0.0011452
13.112	0.048194	45.742	-0.45768	0.0020524	0.00024148	-0.0005815
13.114	0.045141	44.788	-0.42944	0.0013996	-0.0005816	-1.7806e-05
13.116	0.042339	43.867	-0.40595	0.00074682	-0.0014047	0.00054589
13.118	0.040397	42.977	-0.3872	9.4016e-05	-0.0022278	0.0011096
13.12	0.039623	42.124	-0.36844	-0.00055879	-0.0030508	0.0016733
13.122	0.039971	41.308	-0.36098	-0.00091047	-0.0035893	0.00201
13.124	0.041085	40.534	-0.35351	-0.0012621	-0.0041277	0.0023468
13.126	0.042407	39.801	-0.35111	-0.0016138	-0.0046661	0.0026835
13.128	0.04334	39.113	-0.35378	-0.0019655	-0.0052046	0.0030203
13.13	0.043413	38.47	-0.35645	-0.0023172	-0.005743	0.003357
13.132	0.042402	37.874	-0.36612	-0.0021024	-0.0056826	0.0032557
13.134	0.040395	37.326	-0.37579	-0.0018876	-0.0056221	0.0031544
13.136	0.037771	36.826	-0.38713	-0.0016728	-0.0055617	0.0030531
13.138	0.035107	36.375	-0.40014	-0.0014581	-0.0055013	0.0029519
13.14	0.033039	35.972	-0.41315	-0.0012433	-0.0054409	0.0028506
13.142	0.032108	35.619	-0.42657	-0.00074582	-0.0048635	0.0024818
13.144	0.032628	35.313	-0.44	-0.00024837	-0.004286	0.002113
13.146	0.034615	35.056	-0.45285	0.00024908	-0.0037086	0.0017441
13.148	0.037779	34.844	-0.4651	0.00074654	-0.0031312	0.0013753
13.15	0.041589	34.679	-0.47735	0.001244	-0.0025537	0.0010065
13.152	0.045394	34.557	-0.48789	0.0015616	-0.0018118	0.00072215
13.154	0.048562	34.478	-0.49842	0.0018792	-0.0010698	0.00043777
13.156	0.050616	34.439	-0.50792	0.0021969	-0.00032784	0.0001534
13.158	0.051323	34.439	-0.51639	0.0025145	0.00041413	-0.00013098
13.16	0.05073	34.474	-0.52486	0.0028321	0.0011561	-0.00041535
13.162	0.049136	34.544	-0.53018	0.0028268	0.0017033	-0.00046037
13.164	0.047013	34.644	-0.53551	0.0028216	0.0022505	-0.00050539
13.166	0.044883	34.773	-0.53816	0.0028163	0.0027976	-0.00055041
13.168	0.043216	34.927	-0.53814	0.0028111	0.0033448	-0.00059543
13.17	0.042328	35.106	-0.53813	0.0028058	0.003892	-0.00064044
13.172	0.042335	35.302	-0.52985	0.0027326	0.0040633	-0.00062087
13.174	0.043149	35.517	-0.52157	0.0026595	0.0042346	-0.0006013
13.176	0.044527	35.745	-0.5079	0.0025863	0.0044059	-0.00058173
13.178	0.046142	35.986	-0.48884	0.0025131	0.0045772	-0.00056215
13.18	0.047666	36.233	-0.46977	0.0024399	0.0047486	-0.00054258
13.182	0.048848	36.488	-0.43917	0.0026128	0.0045439	-0.00069607
13.184	0.049548	36.744	-0.40858	0.0027858	0.0043393	-0.00084957
13.186	0.049752	37.002	-0.37321	0.0029588	0.0041347	-0.0010031
13.188	0.049546	37.256	-0.33307	0.0031317	0.0039301	-0.0011566
13.19	0.049072	37.507	-0.29293	0.0033047	0.0037255	-0.00131
13.192	0.048469	37.751	-0.24808	0.0037617	0.0032804	-0.0016153
13.194	0.047839	37.988	-0.20323	0.0042187	0.0028353	-0.0019206
13.196	0.047222	38.214	-0.15935	0.0046757	0.0023903	-0.0022259
13.198	0.046596	38.428	-0.11645	0.0051327	0.0019452	-0.0025311
13.2	0.045901	38.63	-0.073556	0.0055897	0.0015001	-0.0028364
13.202	0.045084	38.817	-0.039355	0.0060577	0.0010823	-0.0030386
13.204	0.044122	38.99	-0.0051539	0.0065257	0.00066443	-0.0032409
13.206	0.043053	39.146	0.022251	0.0069937	0.00024659	-0.0034431
13.208	0.041971	39.287	0.042861	0.0074617	-0.00017126	-0.0036453
13.21	0.041006	39.411	0.06347	0.0079297	-0.0005891	-0.0038475
13.212	0.040291	39.517	0.068814	0.0080517	-0.00072097	-0.0037586
13.214	0.039912	39.607	0.074158	0.0081738	-0.00085284	-0.0036696
13.216	0.039883	39.681	0.072796	0.0082958	-0.0009847	-0.0035807
13.218	0.040126	39.737	0.06473	0.0084178	-0.0011166	-0.0034917
13.22	0.040483	39.777	0.056663	0.0085399	-0.0012484	-0.0034028
13.222	0.040752	39.801	0.039718	0.0081749	-0.0011117	-0.0030819
13.224	0.040738	39.81	0.022773	0.0078099	-0.00097505	-0.002761
13.226	0.040301	39.803	0.0041584	0.007445	-0.00083835	-0.0024401
13.228	0.039402	39.781	-0.016125	0.00708	-0.00070165	-0.0021192
13.23	0.038119	39.745	-0.036408	0.006715	-0.00056495	-0.0017983
13.232	0.036632	39.695	-0.055316	0.0061013	-0.00041915	-0.0014612
13.234	0.035188	39.631	-0.074224	0.0054876	-0.00027335	-0.001124
13.236	0.034036	39.553	-0.091167	0.0048739	-0.00012755	-0.00078687
13.238	0.033369	39.462	-0.10614	0.0042601	1.8249e-05	-0.00044972
13.24	0.033274	39.356	-0.12112	0.0036464	0.00016405	-0.00011258
13.242	0.033705	39.237	-0.13213	0.003239	0.00020422	3.7898e-05
13.244	0.034494	39.103	-0.14315	0.0028317	0.00024439	0.00018837
13.246	0.035387	38.955	-0.15311	0.0024243	0.00028456	0.00033885
13.248	0.036107	38.79	-0.16203	0.0020169	0.00032473	0.00048932
13.25	0.036422	38.609	-0.17094	0.0016095	0.00036489	0.00063979
13.252	0.036204	38.41	-0.18022	0.0016624	0.00046927	0.00051142
13.254	0.035458	38.192	-0.18949	0.0017153	0.00057365	0.00038305
13.256	0.034319	37.953	-0.1998	0.0017682	0.00067803	0.00025468
13.258	0.033017	37.692	-0.21114	0.0018211	0.00078241	0.00012631
13.26	0.031823	37.407	-0.22249	0.001874	0.00088679	-2.056e-06
13.262	0.03097	37.097	-0.23594	0.0021957	0.0011788	-0.0003292
13.264	0.030597	36.759	-0.2494	0.0025174	0.0014709	-0.00065635
13.266	0.030712	36.392	-0.26308	0.0028391	0.0017629	-0.00098349
13.268	0.031191	35.992	-0.27699	0.0031607	0.0020549	-0.0013106
13.27	0.03181	35.559	-0.29089	0.0034824	0.002347	-0.0016378
13.272	0.032306	35.089	-0.30256	0.0036708	0.0026387	-0.0019002
13.274	0.032453	34.583	-0.31423	0.0038592	0.0029305	-0.0021627
13.276	0.032118	34.036	-0.32351	0.0040476	0.0032223	-0.0024251
13.278	0.031313	33.448	-0.33042	0.004236	0.003514	-0.0026876
13.28	0.03019	32.816	-0.33732	0.0044244	0.0038058	-0.00295
13.282	0.029014	32.141	-0.33819	0.0042848	0.0037592	-0.0028526
13.284	0.028094	31.419	-0.33906	0.0041452	0.0037125	-0.0027552
13.286	0.027706	30.65	-0.33722	0.0040056	0.0036659	-0.0026578
13.288	0.028018	29.833	-0.33269	0.003866	0.0036193	-0.0025604
13.29	0.029042	28.969	-0.32816	0.0037264	0.0035726	-0.002463
13.292	0.030619	28.056	-0.32071	0.0033639	0.0030409	-0.0019502
13.294	0.032449	27.095	-0.31326	0.0030014	0.0025092	-0.0014375
13.296	0.034163	26.087	-0.30617	0.0026389	0.0019775	-0.00092472
13.298	0.035407	25.031	-0.29944	0.0022763	0.0014457	-0.00041197
13.3	0.035933	23.931	-0.29272	0.0019138	0.00091403	0.00010079
13.302	0.035665	22.786	-0.29047	0.0015059	0.00012298	0.00072352
13.304	0.034731	21.6	-0.28823	0.0010981	-0.00066808	0.0013463
13.306	0.033438	20.373	-0.28968	0.00069021	-0.0014591	0.001969
13.308	0.032223	19.11	-0.29482	0.00028234	-0.0022502	0.0025917
13.31	0.03155	17.811	-0.29996	-0.00012553	-0.0030412	0.0032145
13.312	0.031817	16.482	-0.31387	-0.0004763	-0.0036253	0.0034961
13.314	0.033263	15.123	-0.32778	-0.00082707	-0.0042095	0.0037778
13.316	0.035919	13.741	-0.34594	-0.0011778	-0.0047936	0.0040595
13.318	0.039601	12.337	-0.36835	-0.0015286	-0.0053777	0.0043412
13.32	0.043948	10.917	-0.39076	-0.0018794	-0.0059618	0.0046228
13.322	0.048501	9.4816	-0.42008	-0.0020978	-0.0060131	0.0043562
13.324	0.0528	8.0387	-0.4494	-0.0023162	-0.0060644	0.0040896
13.326	0.05648	6.5881	-0.48101	-0.0025346	-0.0061158	0.003823
13.328	0.059334	5.1374	-0.51492	-0.002753	-0.0061671	0.0035564
13.33	0.061349	3.6866	-0.54882	-0.0029715	-0.0062184	0.0032898
13.332	0.06268	2.2426	-0.5849	-0.0029943	-0.0058184	0.0027109
13.334	0.063598	0.80546	-0.62097	-0.0030172	-0.0054184	0.002132
13.336	0.064403	-0.61879	-0.65711	-0.00304	-0.0050183	0.001553
13.338	0.065345	-2.0301	-0.69332	-0.0030628	-0.0046183	0.00097409
13.34	0.066549	-3.4238	-0.72953	-0.0030857	-0.0042183	0.00039515
13.342	0.067991	-4.7997	-0.76447	-0.0029647	-0.0036902	-1.0216e-05
13.344	0.0695	-6.1546	-0.79941	-0.0028436	-0.0031621	-0.00041559
13.346	0.070813	-7.4885	-0.83332	-0.0027226	-0.002634	-0.00082096
13.348	0.071654	-8.7998	-0.86619	-0.0026016	-0.0021059	-0.0012263
13.35	0.071807	-10.088	-0.89906	-0.0024806	-0.0015778	-0.0016317
13.352	0.071191	-11.355	-0.92947	-0.0024211	-0.0011229	-0.0015549
13.354	0.069889	-12.599	-0.95989	-0.0023617	-0.00066803	-0.0014782
13.356	0.068143	-13.822	-0.98895	-0.0023023	-0.00021317	-0.0014014
13.358	0.066302	-15.025	-1.0167	-0.0022429	0.0002417	-0.0013246
13.36	0.064736	-16.211	-1.0444	-0.0021834	0.00069656	-0.0012478
13.362	0.063749	-17.381	-1.0691	-0.0023992	0.0010703	-0.00082824
13.364	0.063495	-18.539	-1.0937	-0.002615	0.001444	-0.00040864
13.366	0.06393	-19.685	-1.1166	-0.0028308	0.0018178	1.0956e-05
13.368	0.064808	-20.827	-1.1377	-0.0030466	0.0021915	0.00043055
13.37	0.065726	-21.963	-1.1587	-0.0032624	0.0025653	0.00085015
13.372	0.066199	-23.102	-1.1754	-0.0037566	0.0028187	0.0011851
13.374	0.065775	-24.243	-1.1921	-0.0042508	0.0030721	0.00152
13.376	0.064125	-25.394	-1.2061	-0.004745	0.0033255	0.001855
13.378	0.061122	-26.555	-1.2176	-0.0052392	0.003579	0.0021899
13.38	0.056877	-27.735	-1.2291	-0.0057335	0.0038324	0.0025248
13.382	0.051713	-28.932	-1.235	-0.0062084	0.003805	0.0025106
13.384	0.046106	-30.155	-1.2409	-0.0066834	0.0037776	0.0024965
13.386	0.040589	-31.403	-1.2441	-0.0071584	0.0037503	0.0024823
13.388	0.035641	-32.683	-1.2447	-0.0076333	0.0037229	0.0024681
13.39	0.031593	-33.995	-1.2453	-0.0081083	0.0036955	0.0024539
13.392	0.028565	-35.344	-1.2421	-0.0081538	0.0033044	0.0022527
13.394	0.026442	-36.731	-1.2389	-0.0081992	0.0029132	0.0020515
13.396	0.02491	-38.159	-1.235	-0.0082447	0.002522	0.0018504
13.398	0.023507	-39.628	-1.2306	-0.0082901	0.0021309	0.0016492
13.4	0.021716	-41.139	-1.2261	-0.0083356	0.0017397	0.0014481
13.402	0.019044	-42.694	-1.2238	-0.0078421	0.0011657	0.0014106
13.404	0.015086	-44.291	-1.2215	-0.0073487	0.00059158	0.0013731
13.406	0.0095614	-45.932	-1.2219	-0.0068553	1.7517e-05	0.0013357
13.408	0.0023171	-47.612	-1.2251	-0.0063618	-0.00055655	0.0012982
13.41	-0.0067047	-49.334	-1.2284	-0.0058684	-0.0011306	0.0012607
13.412	-0.017506	-51.092	-1.2397	-0.0052463	-0.0015453	0.0014682
13.414	-0.030066	-52.887	-1.251	-0.0046242	-0.0019601	0.0016757
13.416	-0.044359	-54.713	-1.2667	-0.0040021	-0.0023748	0.0018831
13.418	-0.060344	-56.569	-1.2867	-0.00338	-0.0027895	0.0020906
13.42	-0.077921	-58.448	-1.3068	-0.0027579	-0.0032043	0.0022981
13.422	-0.096863	-60.351	-1.334	-0.0025537	-0.0032693	0.002459
13.424	-0.11675	-62.269	-1.3613	-0.0023495	-0.0033344	0.00262
13.426	-0.13693	-64.202	-1.3902	-0.0021453	-0.0033995	0.0027809
13.428	-0.15649	-66.14	-1.4209	-0.0019411	-0.0034645	0.0029419
13.43	-0.17432	-68.084	-1.4515	-0.001737	-0.0035296	0.0031028
13.432	-0.18919	-70.024	-1.4806	-0.0019873	-0.00338	0.0029074
13.434	-0.19992	-71.96	-1.5097	-0.0022376	-0.0032304	0.002712
13.436	-0.20553	-73.883	-1.5357	-0.0024879	-0.0030808	0.0025165
13.438	-0.20536	-75.793	-1.5586	-0.0027383	-0.0029312	0.0023211
13.44	-0.19925	-77.682	-1.5815	-0.0029886	-0.0027816	0.0021256
13.442	-0.18757	-79.549	-1.5952	-0.0031466	-0.0026622	0.0015781
13.444	-0.17119	-81.387	-1.6088	-0.0033047	-0.0025428	0.0010305
13.446	-0.15136	-83.196	-1.6178	-0.0034627	-0.0024234	0.00048294
13.448	-0.12962	-84.971	-1.6221	-0.0036207	-0.002304	-6.462e-05
13.45	-0.10751	-86.712	-1.6264	-0.0037788	-0.0021847	-0.00061218
13.452	-0.086454	-88.414	-1.624	-0.0033726	-0.0021081	-0.001234
13.454	-0.067548	-90.077	-1.6216	-0.0029664	-0.0020315	-0.0018559
13.456	-0.051475	-91.7	-1.6184	-0.0025601	-0.001955	-0.0024777
13.458	-0.038479	-93.283	-1.6144	-0.0021539	-0.0018784	-0.0030995
13.46	-0.028405	-94.825	-1.6103	-0.0017477	-0.0018018	-0.0037214
13.462	-0.020808	-96.327	-1.61	-0.00097115	-0.0015951	-0.0041116
13.464	-0.015086	-97.792	-1.6098	-0.00019457	-0.0013884	-0.0045019
13.466	-0.010627	-99.219	-1.6136	0.00058201	-0.0011817	-0.0048921
13.468	-0.0069148	-100.61	-1.6215	0.0013586	-0.000975	-0.0052824
13.47	-0.0036001	-101.97	-1.6294	0.0021352	-0.0007683	-0.0056726
13.472	-0.00051283	-103.3	-1.6473	0.00261	-0.00045427	-0.0056695
13.474	0.0023728	-104.61	-1.6652	0.0030848	-0.00014024	-0.0056665
13.476	0.0050049	-105.89	-1.6875	0.0035597	0.00017378	-0.0056634
13.478	0.0073294	-107.16	-1.7144	0.0040345	0.00048781	-0.0056603
13.48	0.0093532	-108.41	-1.7412	0.0045093	0.00080184	-0.0056573
13.482	0.011174	-109.65	-1.7737	0.0042739	0.00091726	-0.0052973
13.484	0.012971	-110.89	-1.8062	0.0040384	0.0010327	-0.0049373
13.486	0.014959	-112.12	-1.8395	0.0038029	0.0011481	-0.0045774
13.488	0.017322	-113.36	-1.8737	0.0035674	0.0012635	-0.0042174
13.49	0.020145	-114.6	-1.9078	0.0033319	0.001379	-0.0038575
13.492	0.023365	-115.86	-1.9405	0.0026822	0.0011013	-0.0033443
13.494	0.026756	-117.14	-1.9732	0.0020324	0.00082354	-0.0028311
13.496	0.029966	-118.43	-2.0048	0.0013827	0.00054583	-0.002318
13.498	0.032584	-119.75	-2.0353	0.00073294	0.00026811	-0.0018048
13.5	0.034233	-121.09	-2.0658	8.3182e-05	-9.5974e-06	-0.0012916
13.502	0.034674	-122.46	-2.0959	-0.00033317	-0.00046786	-0.00087221
13.504	0.033868	-123.87	-2.126	-0.00074952	-0.00092612	-0.00045278
13.506	0.032013	-125.3	-2.1577	-0.0011659	-0.0013844	-3.336e-05
13.508	0.029519	-126.78	-2.1911	-0.0015822	-0.0018426	0.00038606
13.51	0.02693	-128.29	-2.2245	-0.0019986	-0.0023009	0.00080548
13.512	0.024809	-129.83	-2.2652	-0.0018726	-0.002544	0.00099709
13.514	0.023616	-131.42	-2.306	-0.0017465	-0.002787	0.0011887
13.516	0.023591	-133.04	-2.3516	-0.0016205	-0.00303	0.0013803
13.518	0.024691	-134.69	-2.4022	-0.0014945	-0.0032731	0.0015719
13.52	0.02659	-136.38	-2.4527	-0.0013685	-0.0035161	0.0017635
13.522	0.028727	-138.11	-2.5128	-0.00093846	-0.0033772	0.0017676
13.524	0.030424	-139.86	-2.5728	-0.00050841	-0.0032383	0.0017717
13.526	0.031034	-141.65	-2.6356	-7.8354e-05	-0.0030994	0.0017757
13.528	0.030084	-143.46	-2.7013	0.0003517	-0.0029605	0.0017798
13.53	0.027388	-145.29	-2.7671	0.00078175	-0.0028216	0.0017838
13.532	0.023103	-147.15	-2.832	0.0011365	-0.0024567	0.0017273
13.534	0.017703	-149.02	-2.897	0.0014913	-0.0020917	0.0016707
13.536	0.011897	-150.91	-2.9579	0.0018461	-0.0017268	0.0016141
13.538	0.0064804	-152.81	-3.0146	0.0022008	-0.0013618	0.0015576
13.54	0.0021688	-154.72	-3.0713	0.0025556	-0.00099684	0.001501
13.542	-0.00055535	-156.63	-3.113	0.0027357	-0.00063744	0.0014382
13.544	-0.0015492	-158.54	-3.1546	0.0029157	-0.00027805	0.0013755
13.546	-0.0010468	-160.46	-3.1867	0.0030958	8.1349e-05	0.0013127
13.548	0.0003842	-162.37	-3.2093	0.0032759	0.00044074	0.0012499
13.55	0.0019598	-164.27	-3.2318	0.0034559	0.00080014	0.0011872
13.552	0.0028425	-166.17	-3.2347	0.0036168	0.0010694	0.00104
13.554	0.0023179	-168.05	-3.2375	0.0037777	0.0013387	0.00089287
13.556	-5.2482e-05	-169.92	-3.2322	0.0039385	0.001608	0.00074573
13.558	-0.0043376	-171.78	-3.2187	0.0040994	0.0018773	0.00059859
13.56	-0.010221	-173.63	-3.2052	0.0042603	0.0021466	0.00045145
13.562	-0.017066	-175.46	-3.1816	0.0044909	0.0023388	0.00015444
13.564	-0.024051	-177.27	-3.1581	0.0047215	0.002531	-0.00014256
13.566	-0.030346	-179.07	-3.1334	0.004952	0.0027232	-0.00043956
13.568	-0.035287	-180.85	-3.1076	0.0051826	0.0029153	-0.00073656
13.57	-0.038517	-182.61	-3.0818	0.0054132	0.0031075	-0.0010336
13.572	-0.040061	-184.36	-3.0617	0.0055611	0.0031773	-0.0013467
13.574	-0.040325	-186.1	-3.0415	0.005709	0.0032472	-0.0016597
13.576	-0.040004	-187.83	-3.0273	0.0058569	0.003317	-0.0019728
13.578	-0.039932	-189.54	-3.019	0.0060048	0.0033868	-0.0022859
13.58	-0.040911	-191.24	-3.0107	0.0061527	0.0034567	-0.002599
13.582	-0.043539	-192.94	-3.0176	0.0060258	0.0033585	-0.0026637
13.584	-0.048086	-194.63	-3.0245	0.0058989	0.0032604	-0.0027284
13.586	-0.054444	-196.31	-3.0389	0.005772	0.0031623	-0.0027932
13.588	-0.062156	-197.98	-3.0608	0.0056451	0.0030642	-0.0028579
13.59	-0.07052	-199.66	-3.0827	0.0055182	0.0029661	-0.0029226
13.592	-0.078748	-201.33	-3.1159	0.0052092	0.0028449	-0.0026432
13.594	-0.086137	-202.99	-3.149	0.0049001	0.0027237	-0.0023638
13.596	-0.09222	-204.65	-3.1842	0.004591	0.0026025	-0.0020844
13.598	-0.096865	-206.31	-3.2214	0.004282	0.0024813	-0.001805
13.6	-0.1003	-207.97	-3.2587	0.0039729	0.0023601	-0.0015256
13.602	-0.10304	-209.62	-3.2909	0.0038253	0.0024542	-0.0011192
13.604	-0.10579	-211.26	-3.3231	0.0036776	0.0025483	-0.00071277
13.606	-0.10923	-212.9	-3.3478	0.0035299	0.0026425	-0.00030636
13.608	-0.11391	-214.52	-3.365	0.0033823	0.0027366	0.00010006
13.61	-0.12004	-216.12	-3.3821	0.0032346	0.0028307	0.00050648
13.612	-0.12751	-217.71	-3.3752	0.0034179	0.0030926	0.00074035
13.614	-0.13581	-219.27	-3.3682	0.0036012	0.0033546	0.00097422
13.616	-0.14421	-220.8	-3.3459	0.0037845	0.0036165	0.0012081
13.618	-0.15185	-222.3	-3.3083	0.0039678	0.0038785	0.001442
13.62	-0.15795	-223.75	-3.2707	0.0041511	0.0041404	0.0016758
13.622	-0.16197	-225.15	-3.1995	0.0044096	0.0041665	0.0016817
13.624	-0.16377	-226.5	-3.1283	0.0046681	0.0041927	0.0016875
13.626	-0.16361	-227.79	-3.0409	0.0049265	0.0042188	0.0016933
13.628	-0.16212	-229	-2.9373	0.005185	0.004245	0.0016992
13.63	-0.16022	-230.14	-2.8337	0.0054434	0.0042711	0.001705
13.632	-0.15889	-231.18	-2.7026	0.0053846	0.0037732	0.0016703
13.634	-0.15901	-232.13	-2.5716	0.0053257	0.0032754	0.0016357
13.636	-0.16116	-232.97	-2.4305	0.0052668	0.0027775	0.001601
13.638	-0.16551	-233.69	-2.2796	0.0052079	0.0022796	0.0015664
13.64	-0.17181	-234.29	-2.1286	0.005149	0.0017817	0.0015317
13.642	-0.17938	-234.76	-1.9662	0.0046916	0.00098068	0.0015804
13.644	-0.18731	-235.08	-1.8039	0.0042341	0.00017963	0.0016291
13.646	-0.19461	-235.25	-1.6401	0.0037766	-0.00062142	0.0016778
13.648	-0.2004	-235.26	-1.4746	0.0033192	-0.0014225	0.0017265
13.65	-0.20411	-235.11	-1.3092	0.0028617	-0.0022235	0.0017752
13.652	-0.20552	-234.78	-1.1473	0.0022905	-0.0028289	0.0018111
13.654	-0.20486	-234.27	-0.9855	0.0017194	-0.0034343	0.0018469
13.656	-0.20265	-233.56	-0.82792	0.0011482	-0.0040397	0.0018828
13.658	-0.19964	-232.67	-0.67458	0.00057701	-0.004645	0.0019187
13.66	-0.19659	-231.57	-0.52125	5.8412e-06	-0.0052504	0.0019546
13.662	-0.19412	-230.27	-0.37969	-0.00034501	-0.0053802	0.0018453
13.664	-0.19256	-228.76	-0.23813	-0.00069586	-0.0055099	0.001736
13.666	-0.19189	-227.05	-0.10359	-0.0010467	-0.0056396	0.0016267
13.668	-0.19177	-225.12	0.023931	-0.0013976	-0.0057693	0.0015173
13.67	-0.19163	-222.98	0.15145	-0.0017484	-0.0058991	0.001408
13.672	-0.19082	-220.62	0.26313	-0.001755	-0.0056122	0.0011653
13.674	-0.18879	-218.06	0.3748	-0.0017616	-0.0053254	0.00092254
13.676	-0.18521	-215.28	0.47779	-0.0017682	-0.0050385	0.0006798
13.678	-0.18011	-212.29	0.57209	-0.0017748	-0.0047517	0.00043705
13.68	-0.17384	-209.11	0.66638	-0.0017814	-0.0044649	0.0001943
13.682	-0.16701	-205.71	0.74229	-0.0015368	-0.003933	-7.7037e-05
13.684	-0.16036	-202.13	0.8182	-0.0012922	-0.0034011	-0.00034838
13.686	-0.1546	-198.35	0.88496	-0.0010477	-0.0028692	-0.00061972
13.688	-0.15019	-194.4	0.94259	-0.00080308	-0.0023373	-0.00089106
13.69	-0.14725	-190.26	1.0002	-0.00055851	-0.0018054	-0.0011624
13.692	-0.14551	-185.96	1.0413	-0.00028404	-0.001186	-0.0013416
13.694	-0.14434	-181.5	1.0824	-9.5849e-06	-0.00056655	-0.0015208
13.696	-0.14286	-176.89	1.1171	0.00026488	5.2902e-05	-0.0017
13.698	-0.14018	-172.14	1.1452	0.00053934	0.00067235	-0.0018793
13.7	-0.13552	-167.26	1.1734	0.0008138	0.0012918	-0.0020585
13.702	-0.12847	-162.26	1.1935	0.00086747	0.001819	-0.0020132
13.704	-0.11905	-157.15	1.2137	0.00092114	0.0023463	-0.001968
13.706	-0.10775	-151.94	1.2325	0.00097481	0.0028735	-0.0019227
13.708	-0.095412	-146.64	1.2499	0.0010285	0.0034007	-0.0018775
13.71	-0.083124	-141.26	1.2674	0.0010822	0.0039279	-0.0018322
13.712	-0.071947	-135.82	1.2865	0.00080828	0.0042006	-0.0015239
13.714	-0.062725	-130.33	1.3057	0.00053441	0.0044733	-0.0012156
13.716	-0.055901	-124.79	1.327	0.00026054	0.0047459	-0.00090734
13.718	-0.051425	-119.21	1.3505	-1.3325e-05	0.0050186	-0.00059905
13.72	-0.048765	-113.62	1.374	-0.00028719	0.0052913	-0.00029076
13.722	-0.047025	-108.01	1.4023	-0.00073949	0.0052729	8.1479e-05
13.724	-0.045135	-102.4	1.4306	-0.0011918	0.0052546	0.00045372
13.726	-0.042083	-96.799	1.4606	-0.0016441	0.0052362	0.00082596
13.728	-0.037137	-91.217	1.4923	-0.0020964	0.0052179	0.0011982
13.73	-0.030001	-85.657	1.524	-0.0025487	0.0051995	0.0015704
13.732	-0.02088	-80.135	1.557	-0.0029323	0.0049872	0.0016938
13.734	-0.010436	-74.652	1.5901	-0.0033159	0.0047748	0.0018171
13.736	0.00035	-69.224	1.6229	-0.0036995	0.0045624	0.0019404
13.738	0.010392	-63.849	1.6554	-0.0040831	0.0043501	0.0020637
13.74	0.018731	-58.542	1.688	-0.0044667	0.0041377	0.0021871
13.742	0.024742	-53.302	1.7195	-0.0046825	0.0038716	0.0019726
13.744	0.028261	-48.141	1.751	-0.0048984	0.0036054	0.0017582
13.746	0.029618	-43.058	1.7823	-0.0051143	0.0033393	0.0015438
13.748	0.029561	-38.063	1.8134	-0.0053302	0.0030732	0.0013293
13.75	0.029091	-33.156	1.8444	-0.0055461	0.002807	0.0011149
13.752	0.02924	-28.344	1.8763	-0.0056458	0.002578	0.00080166
13.754	0.030848	-23.627	1.9081	-0.0057455	0.002349	0.0004884
13.756	0.03438	-19.011	1.9407	-0.0058452	0.0021201	0.00017515
13.758	0.039828	-14.495	1.9741	-0.0059449	0.0018911	-0.00013811
13.76	0.046716	-10.082	2.0074	-0.0060446	0.0016621	-0.00045136
13.762	0.054207	-5.7743	2.0414	-0.0060576	0.001467	-0.00058587
13.764	0.061288	-1.5722	2.0754	-0.0060705	0.001272	-0.00072038
13.766	0.066988	2.5239	2.1083	-0.0060835	0.0010769	-0.00085489
13.768	0.070593	6.5133	2.14	-0.0060964	0.00088182	-0.0009894
13.77	0.0718	10.396	2.1718	-0.0061094	0.00068676	-0.0011239
13.772	0.070774	14.173	2.1968	-0.0059912	0.00047016	-0.0010671
13.774	0.068119	17.844	2.2219	-0.0058731	0.00025357	-0.0010102
13.776	0.064741	21.411	2.241	-0.005755	3.6969e-05	-0.00095341
13.778	0.061656	24.873	2.2542	-0.0056368	-0.00017963	-0.00089657
13.78	0.059771	28.234	2.2674	-0.0055187	-0.00039622	-0.00083974
13.782	0.05969	31.493	2.2646	-0.0052581	-0.0006289	-0.00080191
13.784	0.061594	34.654	2.2618	-0.0049975	-0.00086157	-0.00076408
13.786	0.065205	37.716	2.25	-0.0047369	-0.0010942	-0.00072625
13.788	0.069855	40.684	2.2292	-0.0044763	-0.0013269	-0.00068842
13.79	0.074633	43.558	2.2083	-0.0042156	-0.0015596	-0.00065059
13.792	0.078587	46.342	2.1702	-0.0038939	-0.0016766	-0.00077722
13.794	0.080933	49.036	2.1322	-0.0035721	-0.0017937	-0.00090386
13.796	0.081223	51.645	2.087	-0.0032503	-0.0019108	-0.0010305
13.798	0.079446	54.168	2.0349	-0.0029286	-0.0020278	-0.0011571
13.8	0.076027	56.611	1.9828	-0.0026068	-0.0021449	-0.0012838
13.802	0.071742	58.974	1.9214	-0.0023131	-0.0019847	-0.0014776
13.804	0.06755	61.261	1.86	-0.0020194	-0.0018246	-0.0016713
13.806	0.064391	63.473	1.7965	-0.0017257	-0.0016645	-0.0018651
13.808	0.062986	65.614	1.7308	-0.001432	-0.0015043	-0.0020589
13.81	0.063686	67.685	1.6651	-0.0011383	-0.0013442	-0.0022527
13.812	0.06639	69.69	1.5994	-0.00089354	-0.00093071	-0.0023007
13.814	0.070567	71.629	1.5337	-0.00064872	-0.00051722	-0.0023487
13.816	0.075362	73.507	1.4694	-0.00040391	-0.00010374	-0.0023967
13.818	0.07977	75.324	1.4065	-0.0001591	0.00030974	-0.0024447
13.82	0.082842	77.084	1.3437	8.5713e-05	0.00072323	-0.0024927
13.822	0.083878	78.787	1.2855	0.00025897	0.0010893	-0.0023362
13.824	0.082573	80.437	1.2274	0.00043222	0.0014554	-0.0021798
13.826	0.079081	82.034	1.1722	0.00060547	0.0018216	-0.0020233
13.828	0.073984	83.582	1.12	0.00077873	0.0021877	-0.0018669
13.83	0.068183	85.079	1.0678	0.00095198	0.0025538	-0.0017104
13.832	0.062715	86.53	1.023	0.0009578	0.0025307	-0.001505
13.834	0.05855	87.934	0.97809	0.00096362	0.0025075	-0.0012996
13.836	0.056401	89.294	0.93766	0.00096944	0.0024844	-0.0010941
13.838	0.056589	90.609	0.90167	0.00097526	0.0024613	-0.0008887
13.84	0.058975	91.881	0.86568	0.00098108	0.0024382	-0.00068327
13.842	0.062998	93.111	0.84008	0.00075993	0.0019969	-0.00056443
13.844	0.067785	94.298	0.81449	0.00053879	0.0015556	-0.00044559
13.846	0.072327	95.444	0.79444	0.00031765	0.0011143	-0.00032675
13.848	0.075674	96.548	0.77993	9.6505e-05	0.00067303	-0.0002079
13.85	0.077121	97.611	0.76542	-0.00012464	0.00023174	-8.9062e-05
13.852	0.076337	98.631	0.76108	-0.00045034	-0.00032029	-4.5358e-07
13.854	0.073424	99.61	0.75674	-0.00077605	-0.00087232	8.8154e-05
13.856	0.068882	100.55	0.75602	-0.0011018	-0.0014243	0.00017676
13.858	0.0635	101.44	0.7589	-0.0014275	-0.0019764	0.00026537
13.86	0.058193	102.29	0.76178	-0.0017532	-0.0025284	0.00035398
13.862	0.053817	103.09	0.7671	-0.0019493	-0.0028702	0.00050589
13.864	0.050996	103.85	0.77243	-0.0021454	-0.0032121	0.0006578
13.866	0.050006	104.56	0.77611	-0.0023415	-0.0035539	0.00080971
13.868	0.050734	105.22	0.77815	-0.0025375	-0.0038957	0.00096162
13.87	0.052713	105.84	0.7802	-0.0027336	-0.0042376	0.0011135
13.872	0.055233	106.4	0.77361	-0.0026721	-0.0042591	0.001257
13.874	0.057504	106.92	0.76702	-0.0026105	-0.0042807	0.0014004
13.876	0.058824	107.38	0.75425	-0.002549	-0.0043023	0.0015439
13.878	0.058729	107.78	0.73531	-0.0024874	-0.0043238	0.0016873
13.88	0.057093	108.13	0.71637	-0.0024258	-0.0043454	0.0018308
13.882	0.054146	108.43	0.68382	-0.0021674	-0.0041017	0.0018349
13.884	0.050418	108.66	0.65128	-0.0019089	-0.0038581	0.0018391
13.886	0.046617	108.84	0.61261	-0.0016505	-0.0036145	0.0018432
13.888	0.043468	108.96	0.56781	-0.001392	-0.0033708	0.0018474
13.89	0.041553	109.02	0.52301	-0.0011336	-0.0031272	0.0018516
13.892	0.04118	109.02	0.46938	-0.00082181	-0.0027693	0.0017588
13.894	0.042308	108.97	0.41576	-0.00051002	-0.0024115	0.0016659
13.896	0.04456	108.85	0.36	-0.00019823	-0.0020536	0.0015731
13.898	0.047305	108.66	0.30211	0.00011355	-0.0016958	0.0014803
13.9	0.049795	108.42	0.24422	0.00042534	-0.0013379	0.0013875
13.902	0.05133	108.12	0.18677	0.00064357	-0.0010813	0.0013727
13.904	0.051418	107.77	0.12933	0.00086179	-0.00082476	0.001358
13.906	0.049881	107.35	0.074158	0.00108	-0.00056818	0.0013432
13.908	0.046898	106.88	0.021272	0.0012982	-0.0003116	0.0013284
13.91	0.042969	106.35	-0.031615	0.0015165	-5.5018e-05	0.0013136
13.912	0.038804	105.77	-0.076743	0.0014874	-2.4985e-05	0.0014266
13.914	0.035166	105.14	-0.12187	0.0014583	5.0487e-06	0.0015396
13.916	0.032704	104.47	-0.16199	0.0014292	3.5082e-05	0.0016525
13.918	0.031813	103.74	-0.1971	0.0014001	6.5115e-05	0.0017655
13.92	0.032543	102.98	-0.23221	0.001371	9.5148e-05	0.0018785
13.922	0.034593	102.17	-0.25584	0.0010365	1.7281e-06	0.0019554
13.924	0.037384	101.33	-0.27947	0.00070208	-9.1692e-05	0.0020323
13.926	0.04019	100.46	-0.29699	0.00036762	-0.00018511	0.0021093
13.928	0.042307	99.556	-0.30841	3.3155e-05	-0.00027853	0.0021862
13.93	0.043214	98.627	-0.31983	-0.00030131	-0.00037195	0.0022631
13.932	0.042693	97.678	-0.31907	-0.0007375	-0.00040793	0.0021243
13.934	0.040877	96.71	-0.31831	-0.0011737	-0.0004439	0.0019854
13.936	0.038221	95.73	-0.31194	-0.0016099	-0.00047988	0.0018466
13.938	0.035391	94.74	-0.29996	-0.0020461	-0.00051585	0.0017077
13.94	0.033109	93.747	-0.28797	-0.0024823	-0.00055183	0.0015689
13.942	0.031979	92.75	-0.26668	-0.0026636	-0.00052118	0.0012358
13.944	0.032344	91.76	-0.24538	-0.0028449	-0.00049054	0.00090266
13.946	0.034196	90.775	-0.2208	-0.0030263	-0.00045989	0.00056955
13.948	0.037174	89.804	-0.19293	-0.0032076	-0.00042925	0.00023645
13.95	0.04064	88.847	-0.16506	-0.0033889	-0.0003986	-9.666e-05
13.952	0.04382	87.911	-0.13376	-0.0031806	-0.00041693	-0.00041618
13.954	0.045985	86.996	-0.10246	-0.0029723	-0.00043526	-0.0007357
13.956	0.046618	86.111	-0.070959	-0.0027639	-0.00045359	-0.0010552
13.958	0.045534	85.253	-0.039244	-0.0025556	-0.00047192	-0.0013747
13.96	0.042927	84.431	-0.0075282	-0.0023472	-0.00049024	-0.0016943
13.962	0.039338	83.643	0.022245	-0.0019726	-0.00054657	-0.0018181
13.964	0.035525	82.896	0.052018	-0.001598	-0.0006029	-0.001942
13.966	0.0323	82.189	0.08008	-0.0012234	-0.00065923	-0.0020658
13.968	0.030348	81.526	0.10643	-0.00084885	-0.00071556	-0.0021897
13.97	0.030071	80.909	0.13278	-0.00047425	-0.00077189	-0.0023135
13.972	0.031501	80.339	0.15499	-0.00019447	-0.00069865	-0.0022581
13.974	0.0343	79.818	0.1772	8.532e-05	-0.00062541	-0.0022026
13.976	0.037837	79.346	0.19717	0.00036511	-0.00055217	-0.0021471
13.978	0.041342	78.926	0.21489	0.00064489	-0.00047893	-0.0020917
13.98	0.044079	78.556	0.23262	0.00092468	-0.0004057	-0.0020362
13.982	0.045518	78.239	0.24543	0.0011394	-0.00013676	-0.0019699
13.984	0.045447	77.973	0.25824	0.0013541	0.00013218	-0.0019036
13.986	0.044019	77.758	0.26823	0.0015689	0.00040112	-0.0018373
13.988	0.041706	77.595	0.2754	0.0017836	0.00067006	-0.001771
13.99	0.039173	77.482	0.28257	0.0019983	0.000939	-0.0017047
13.992	0.037119	77.419	0.28318	0.0023693	0.0012139	-0.0017532
13.994	0.03611	77.405	0.28379	0.0027404	0.0014887	-0.0018017
13.996	0.036438	77.437	0.28083	0.0031114	0.0017636	-0.0018503
13.998	0.038059	77.516	0.2743	0.0034824	0.0020384	-0.0018988
14	0.040605	77.639	0.26776	0.0038534	0.0023133	-0.0019473
14.002	0.043482	77.805	0.25444	0.0044267	0.0023608	-0.002078
14.004	0.046008	78.012	0.24112	0.0050001	0.0024084	-0.0022087
14.006	0.047587	78.258	0.22528	0.0055734	0.0024559	-0.0023394
14.008	0.047847	78.54	0.20693	0.0061467	0.0025035	-0.0024701
14.01	0.04673	78.858	0.18857	0.0067201	0.002551	-0.0026007
14.012	0.044498	79.207	0.16832	0.0071898	0.0023815	-0.0026758
14.014	0.041668	79.587	0.14807	0.0076595	0.0022121	-0.0027508
14.016	0.038883	79.995	0.12888	0.0081293	0.0020426	-0.0028259
14.018	0.036757	80.43	0.11076	0.008599	0.0018731	-0.0029009
14.02	0.035726	80.886	0.092634	0.0090688	0.0017036	-0.0029759
14.022	0.035949	81.365	0.080603	0.0090087	0.0015105	-0.0028696
14.024	0.037286	81.862	0.068573	0.0089485	0.0013173	-0.0027632
14.026	0.039338	82.376	0.061066	0.0088884	0.0011242	-0.0026569
14.028	0.041553	82.904	0.058085	0.0088283	0.00093101	-0.0025505
14.03	0.043374	83.445	0.055103	0.0087682	0.00073785	-0.0024441
14.032	0.04438	83.994	0.062435	0.0080434	0.00063439	-0.0021482
14.034	0.044382	84.552	0.069766	0.0073186	0.00053093	-0.0018523
14.036	0.043461	85.115	0.081969	0.0065938	0.00042747	-0.0015564
14.038	0.041938	85.682	0.099043	0.005869	0.00032401	-0.0012605
14.04	0.040274	86.249	0.11612	0.0051442	0.00022056	-0.00096457
14.042	0.038944	86.817	0.14091	0.0040626	0.00020299	-0.00065001
14.044	0.038294	87.382	0.1657	0.0029811	0.00018543	-0.00033546
14.046	0.038455	87.944	0.19296	0.0018995	0.00016787	-2.091e-05
14.048	0.039305	88.499	0.22269	0.00081799	0.00015031	0.00029364
14.05	0.040503	89.047	0.25242	-0.00026355	0.00013275	0.00060819
14.052	0.041586	89.585	0.28425	-0.0011894	0.00019622	0.00069513
14.054	0.042099	90.113	0.31608	-0.0021153	0.00025969	0.00078207
14.056	0.041736	90.628	0.34771	-0.0030412	0.00032316	0.00086901
14.058	0.040431	91.13	0.37914	-0.0039671	0.00038663	0.00095595
14.06	0.038391	91.616	0.41056	-0.004893	0.0004501	0.0010429
14.062	0.036054	92.087	0.43946	-0.0052767	0.00054163	0.0008592
14.064	0.033982	92.54	0.46836	-0.0056604	0.00063315	0.0006755
14.066	0.032708	92.974	0.495	-0.006044	0.00072467	0.00049181
14.068	0.032598	93.388	0.5194	-0.0064277	0.0008162	0.00030811
14.07	0.033733	93.782	0.54379	-0.0068114	0.00090772	0.00012442
14.072	0.035875	94.154	0.56168	-0.0065641	0.00086426	-4.6079e-05
14.074	0.038508	94.504	0.57957	-0.0063168	0.0008208	-0.00021658
14.076	0.04097	94.83	0.5932	-0.0060695	0.00077733	-0.00038707
14.078	0.042618	95.133	0.60258	-0.0058222	0.00073387	-0.00055757
14.08	0.043008	95.411	0.61197	-0.0055749	0.00069041	-0.00072807
14.082	0.042021	95.665	0.61127	-0.0049234	0.00042064	-0.00056858
14.084	0.039929	95.893	0.61057	-0.0042719	0.00015086	-0.00040909
14.086	0.037353	96.095	0.60456	-0.0036204	-0.00011891	-0.00024961
14.088	0.035124	96.271	0.59322	-0.0029689	-0.00038869	-9.0119e-05
14.09	0.034086	96.422	0.58188	-0.0023174	-0.00065846	6.9368e-05
14.092	0.034876	96.546	0.56084	-0.0016775	-0.00099978	0.00052212
14.094	0.037745	96.643	0.5398	-0.0010376	-0.0013411	0.00097488
14.096	0.042458	96.715	0.51515	-0.00039766	-0.0016824	0.0014276
14.098	0.04831	96.76	0.48688	0.00024225	-0.0020237	0.0018804
14.1	0.054253	96.78	0.45862	0.00088216	-0.002365	0.0023332
14.102	0.05912	96.773	0.42659	0.0011682	-0.0025297	0.0027339
14.104	0.061885	96.742	0.39456	0.0014543	-0.0026944	0.0031346
14.106	0.061903	96.685	0.36237	0.0017403	-0.0028591	0.0035353
14.108	0.059081	96.603	0.33003	0.0020264	-0.0030238	0.003936
14.11	0.05392	96.497	0.29769	0.0023124	-0.0031885	0.0043367
14.112	0.047421	96.367	0.26739	0.0021962	-0.0031043	0.0044424
14.114	0.040877	96.213	0.23709	0.00208	-0.0030201	0.0045482
14.116	0.035589	96.036	0.20811	0.0019637	-0.0029359	0.0046539
14.118	0.032569	95.837	0.18045	0.0018475	-0.0028517	0.0047596
14.12	0.032309	95.615	0.15278	0.0017313	-0.0027674	0.0048654
14.122	0.034652	95.371	0.12667	0.0014367	-0.0025629	0.004776
14.124	0.038824	95.105	0.10057	0.0011422	-0.0023584	0.0046866
14.126	0.043606	94.817	0.074298	0.00084761	-0.0021539	0.0045972
14.128	0.047603	94.509	0.047875	0.00055305	-0.0019494	0.0045078
14.13	0.049574	94.179	0.021451	0.00025849	-0.001745	0.0044185
14.132	0.048729	93.828	-0.0065953	4.2107e-05	-0.001584	0.0044042
14.134	0.044921	93.456	-0.034641	-0.00017428	-0.0014231	0.00439
14.136	0.038708	93.063	-0.063263	-0.00039066	-0.0012622	0.0043758
14.138	0.031241	92.648	-0.092459	-0.00060704	-0.0011013	0.0043615
14.14	0.024027	92.212	-0.12166	-0.00082342	-0.00094043	0.0043473
14.142	0.018591	91.753	-0.14924	-0.0009074	-0.00091464	0.0045147
14.144	0.016143	91.272	-0.17683	-0.00099138	-0.00088884	0.0046821
14.146	0.017297	90.768	-0.20136	-0.0010754	-0.00086304	0.0048494
14.148	0.021926	90.24	-0.22282	-0.0011593	-0.00083724	0.0050168
14.15	0.029175	89.688	-0.24429	-0.0012433	-0.00081144	0.0051842
14.152	0.037633	89.111	-0.2548	-0.0013358	-0.0009135	0.005328
14.154	0.045631	88.507	-0.26531	-0.0014283	-0.0010156	0.0054717
14.156	0.051596	87.876	-0.2687	-0.0015208	-0.0011176	0.0056155
14.158	0.054382	87.217	-0.26496	-0.0016133	-0.0012197	0.0057593
14.16	0.053505	86.528	-0.26122	-0.0017058	-0.0013217	0.0059031
14.162	0.049244	85.81	-0.24294	-0.0018948	-0.0014344	0.0056993
14.164	0.042567	85.06	-0.22467	-0.0020838	-0.0015471	0.0054955
14.166	0.034923	84.278	-0.20077	-0.0022728	-0.0016598	0.0052916
14.168	0.027931	83.462	-0.17123	-0.0024618	-0.0017725	0.0050878
14.17	0.023046	82.612	-0.14169	-0.0026508	-0.0018851	0.004884
14.172	0.02127	81.727	-0.10697	-0.0028265	-0.0018518	0.0042664
14.174	0.022972	80.805	-0.072246	-0.0030022	-0.0018184	0.0036488
14.176	0.027846	79.847	-0.038534	-0.003178	-0.0017851	0.0030312
14.178	0.035017	78.851	-0.0058308	-0.0033537	-0.0017517	0.0024136
14.18	0.043254	77.816	0.026872	-0.0035294	-0.0017183	0.001796
14.182	0.051251	76.743	0.051291	-0.0035837	-0.0015098	0.0011045
14.184	0.057896	75.631	0.075711	-0.003638	-0.0013012	0.00041297
14.186	0.06248	74.481	0.094133	-0.0036923	-0.0010926	-0.00027852
14.188	0.064794	73.291	0.10656	-0.0037466	-0.00088404	-0.00097001
14.19	0.065114	72.063	0.11898	-0.0038009	-0.00067546	-0.0016615
14.192	0.064075	70.797	0.11885	-0.0038373	-0.00046827	-0.0019889
14.194	0.062467	69.493	0.11871	-0.0038737	-0.00026107	-0.0023163
14.196	0.061029	68.154	0.1133	-0.0039101	-5.3873e-05	-0.0026437
14.198	0.060271	66.778	0.10261	-0.0039465	0.00015332	-0.0029711
14.2	0.060373	65.368	0.091922	-0.0039829	0.00036052	-0.0032986
14.202	0.061177	63.925	0.073862	-0.0041238	0.00035674	-0.0031777
14.204	0.062275	62.452	0.055801	-0.0042647	0.00035296	-0.0030569
14.206	0.063158	60.948	0.035457	-0.0044055	0.00034918	-0.0029361
14.208	0.06338	59.418	0.01283	-0.0045464	0.00034539	-0.0028153
14.21	0.062698	57.862	-0.0097984	-0.0046872	0.00034161	-0.0026944
14.212	0.061153	56.284	-0.035598	-0.0047641	0.0001746	-0.0024675
14.214	0.059062	54.684	-0.061398	-0.004841	7.5836e-06	-0.0022405
14.216	0.056932	53.067	-0.08884	-0.0049179	-0.00015943	-0.0020135
14.218	0.055321	51.433	-0.11792	-0.0049948	-0.00032645	-0.0017866
14.22	0.054676	49.787	-0.14701	-0.0050717	-0.00049346	-0.0015596
14.222	0.055194	48.13	-0.18023	-0.004777	-0.00049184	-0.0015945
14.224	0.056748	46.466	-0.21346	-0.0044823	-0.00049023	-0.0016293
14.226	0.058898	44.796	-0.24896	-0.0041876	-0.00048861	-0.0016642
14.228	0.060971	43.124	-0.28674	-0.0038929	-0.000487	-0.001699
14.23	0.06221	41.45	-0.32451	-0.0035982	-0.00048538	-0.0017339
14.232	0.061947	39.78	-0.36587	-0.0029655	-0.00010169	-0.0020213
14.234	0.059765	38.113	-0.40722	-0.0023327	0.000282	-0.0023088
14.236	0.055597	36.453	-0.44908	-0.0017	0.00066569	-0.0025962
14.238	0.049745	34.8	-0.49144	-0.0010672	0.0010494	-0.0028837
14.24	0.042825	33.158	-0.53379	-0.00043446	0.0014331	-0.0031711
14.242	0.035634	31.527	-0.57365	6.7397e-05	0.0019139	-0.0033901
14.244	0.028977	29.909	-0.6135	0.00056926	0.0023947	-0.0036091
14.246	0.023502	28.305	-0.65051	0.0010711	0.0028755	-0.0038281
14.248	0.019567	26.715	-0.68468	0.001573	0.0033564	-0.0040472
14.25	0.017179	25.14	-0.71885	0.0020748	0.0038372	-0.0042662
14.252	0.016006	23.58	-0.74569	0.0020393	0.0038734	-0.004181
14.254	0.015467	22.036	-0.77253	0.0020037	0.0039097	-0.0040957
14.256	0.01486	20.507	-0.79598	0.0019682	0.0039459	-0.0040105
14.258	0.013507	18.993	-0.81603	0.0019326	0.0039822	-0.0039253
14.26	0.010875	17.493	-0.83608	0.0018971	0.0040184	-0.0038401
14.262	0.0066431	16.006	-0.85174	0.0014148	0.0034585	-0.0034922
14.264	0.00071123	14.53	-0.8674	0.00093249	0.0028985	-0.0031443
14.266	-0.0068542	13.065	-0.88243	0.0004502	0.0023386	-0.0027964
14.268	-0.015911	11.608	-0.89682	-3.2087e-05	0.0017786	-0.0024485
14.27	-0.026339	10.16	-0.91122	-0.00051437	0.0012187	-0.0021006
14.272	-0.038116	8.7158	-0.92678	-0.0010435	0.00047891	-0.0016451
14.274	-0.051338	7.2762	-0.94235	-0.0015726	-0.00026087	-0.0011896
14.276	-0.066186	5.8368	-0.95883	-0.0021017	-0.0010006	-0.00073406
14.278	-0.082833	4.3977	-0.97622	-0.0026308	-0.0017404	-0.00027855
14.28	-0.10131	2.9547	-0.99361	-0.0031599	-0.0024802	0.00017696
14.282	-0.1214	1.5077	-1.0115	-0.0034698	-0.0029265	0.00061757
14.284	-0.14251	0.052478	-1.0294	-0.0037797	-0.0033728	0.0010582
14.286	-0.16369	-1.4109	-1.0463	-0.0040896	-0.0038191	0.0014988
14.288	-0.18364	-2.8864	-1.0622	-0.0043995	-0.0042654	0.0019394
14.29	-0.2009	-4.374	-1.0781	-0.0047094	-0.0047117	0.00238
14.292	-0.214	-5.8772	-1.0896	-0.0047214	-0.0047667	0.0026428
14.294	-0.2217	-7.396	-1.1012	-0.0047333	-0.0048218	0.0029056
14.296	-0.22318	-8.9332	-1.1102	-0.0047453	-0.0048769	0.0031684
14.298	-0.21819	-10.489	-1.1167	-0.0047573	-0.0049319	0.0034312
14.3	-0.20709	-12.065	-1.1232	-0.0047693	-0.004987	0.003694
14.302	-0.19082	-13.661	-1.1261	-0.0044026	-0.004769	0.003572
14.304	-0.17074	-15.279	-1.129	-0.0040358	-0.004551	0.00345
14.306	-0.14846	-16.918	-1.1318	-0.0036691	-0.0043331	0.003328
14.308	-0.12559	-18.579	-1.1346	-0.0033023	-0.0041151	0.003206
14.31	-0.10358	-20.261	-1.1374	-0.0029356	-0.0038971	0.003084
14.312	-0.083488	-21.964	-1.144	-0.002213	-0.0034376	0.0025801
14.314	-0.065987	-23.687	-1.1506	-0.0014905	-0.0029782	0.0020762
14.316	-0.05131	-25.429	-1.1606	-0.00076797	-0.0025187	0.0015722
14.318	-0.039346	-27.19	-1.174	-4.5436e-05	-0.0020592	0.0010683
14.32	-0.02975	-28.967	-1.1874	0.00067709	-0.0015997	0.0005644
14.322	-0.02208	-30.76	-1.2079	0.0014074	-0.00093033	2.9053e-05
14.324	-0.015906	-32.566	-1.2284	0.0021376	-0.00026095	-0.00050629
14.326	-0.010881	-34.385	-1.2513	0.0028679	0.00040844	-0.0010416
14.328	-0.0067677	-36.212	-1.2766	0.0035982	0.0010778	-0.001577
14.33	-0.0034239	-38.048	-1.3019	0.0043285	0.0017472	-0.0021123
14.332	-0.00074934	-39.888	-1.3276	0.0046468	0.0023511	-0.0023214
14.334	0.0013684	-41.733	-1.3534	0.0049651	0.002955	-0.0025306
14.336	0.0030941	-43.577	-1.3773	0.0052834	0.0035589	-0.0027397
14.338	0.0046556	-45.422	-1.3992	0.0056018	0.0041629	-0.0029488
14.34	0.0063192	-47.262	-1.4211	0.0059201	0.0047668	-0.0031579
14.342	0.0083355	-49.098	-1.4365	0.0058651	0.0049174	-0.0031105
14.344	0.010874	-50.926	-1.4518	0.0058101	0.005068	-0.0030632
14.346	0.013968	-52.745	-1.4642	0.0057551	0.0052186	-0.0030158
14.348	0.017487	-54.553	-1.4736	0.0057001	0.0053693	-0.0029685
14.35	0.021149	-56.348	-1.483	0.0056451	0.0055199	-0.0029211
14.352	0.024573	-58.129	-1.4903	0.0057092	0.0051637	-0.0029848
14.354	0.027372	-59.896	-1.4976	0.0057733	0.0048076	-0.0030484
14.356	0.029252	-61.646	-1.5067	0.0058375	0.0044514	-0.0031121
14.358	0.030095	-63.379	-1.5178	0.0059016	0.0040952	-0.0031758
14.36	0.030011	-65.095	-1.5289	0.0059658	0.003739	-0.0032394
14.362	0.029334	-66.794	-1.5498	0.0064715	0.0032848	-0.0035221
14.364	0.028555	-68.475	-1.5707	0.0069773	0.0028306	-0.0038047
14.366	0.028223	-70.138	-1.5986	0.0074831	0.0023763	-0.0040874
14.368	0.028808	-71.786	-1.6334	0.0079888	0.0019221	-0.00437
14.37	0.030573	-73.416	-1.6682	0.0084946	0.0014678	-0.0046527
14.372	0.033495	-75.032	-1.7175	0.0091895	0.0013114	-0.0048251
14.374	0.037234	-76.634	-1.7668	0.0098844	0.001155	-0.0049975
14.376	0.041181	-78.225	-1.8218	0.010579	0.00099854	-0.00517
14.378	0.044564	-79.803	-1.8826	0.011274	0.0008421	-0.0053424
14.38	0.04661	-81.374	-1.9433	0.011969	0.00068567	-0.0055148
14.382	0.046709	-82.938	-2.0097	0.012351	0.00074003	-0.0052796
14.384	0.044557	-84.497	-2.0761	0.012733	0.0007944	-0.0050444
14.386	0.040242	-86.054	-2.142	0.013114	0.00084876	-0.0048091
14.388	0.034253	-87.611	-2.2074	0.013496	0.00090313	-0.0045739
14.39	0.027399	-89.17	-2.2728	0.013878	0.00095749	-0.0043387
14.392	0.020666	-90.735	-2.3314	0.013762	0.00087497	-0.003862
14.394	0.015034	-92.306	-2.39	0.013645	0.00079245	-0.0033853
14.396	0.011286	-93.888	-2.4435	0.013529	0.00070993	-0.0029086
14.398	0.0098519	-95.482	-2.4918	0.013413	0.00062741	-0.0024319
14.4	0.010731	-97.091	-2.5402	0.013296	0.00054489	-0.0019552
14.402	0.013488	-98.716	-2.5776	0.012904	0.00030669	-0.0016396
14.404	0.017342	-100.36	-2.615	0.012511	6.8487e-05	-0.001324
14.406	0.021318	-102.03	-2.6475	0.012118	-0.00016972	-0.0010084
14.408	0.02443	-103.72	-2.6752	0.011726	-0.00040792	-0.00069279
14.41	0.025861	-105.43	-2.703	0.011333	-0.00064612	-0.00037719
14.412	0.025111	-107.17	-2.7235	0.010896	-0.00066817	-0.00031728
14.414	0.02206	-108.93	-2.7441	0.010459	-0.00069023	-0.00025737
14.416	0.016974	-110.73	-2.7624	0.010023	-0.00071228	-0.00019746
14.418	0.01042	-112.55	-2.7783	0.0095858	-0.00073433	-0.00013754
14.42	0.003134	-114.4	-2.7943	0.009149	-0.00075638	-7.7633e-05
14.422	-0.0041321	-116.28	-2.8073	0.0086339	-0.00035731	1.5547e-05
14.424	-0.01075	-118.19	-2.8203	0.0081188	4.1754e-05	0.00010873
14.426	-0.01632	-120.13	-2.8322	0.0076036	0.00044082	0.00020191
14.428	-0.020718	-122.09	-2.8431	0.0070885	0.00083989	0.00029509
14.43	-0.024076	-124.08	-2.854	0.0065734	0.001239	0.00038827
14.432	-0.026715	-126.1	-2.8628	0.0058795	0.0017509	0.00070462
14.434	-0.029042	-128.14	-2.8716	0.0051856	0.0022629	0.001021
14.436	-0.03145	-130.19	-2.8794	0.0044917	0.0027748	0.0013373
14.438	-0.034228	-132.27	-2.8859	0.0037978	0.0032868	0.0016537
14.44	-0.037518	-134.36	-2.8925	0.003104	0.0037987	0.00197
14.442	-0.041307	-136.46	-2.8967	0.0023943	0.0039619	0.0022683
14.444	-0.045474	-138.57	-2.901	0.0016846	0.0041251	0.0025667
14.446	-0.049845	-140.69	-2.9039	0.00097493	0.0042883	0.002865
14.448	-0.054272	-142.8	-2.9057	0.00026526	0.0044515	0.0031633
14.45	-0.058683	-144.91	-2.9074	-0.00044442	0.0046147	0.0034616
14.452	-0.06311	-147.02	-2.9062	-0.00079764	0.0043636	0.003368
14.454	-0.067687	-149.11	-2.9051	-0.0011509	0.0041125	0.0032745
14.456	-0.072598	-151.18	-2.9019	-0.0015041	0.0038614	0.0031809
14.458	-0.078026	-153.23	-2.8968	-0.0018573	0.0036103	0.0030873
14.46	-0.084083	-155.26	-2.8916	-0.0022105	0.0033592	0.0029937
14.462	-0.090764	-157.25	-2.8804	-0.0020324	0.0030268	0.0025308
14.464	-0.097933	-159.19	-2.8692	-0.0018544	0.0026944	0.0020679
14.466	-0.10533	-161.1	-2.8533	-0.0016763	0.002362	0.0016051
14.468	-0.11264	-162.95	-2.8328	-0.0014982	0.0020297	0.0011422
14.47	-0.11953	-164.75	-2.8124	-0.0013201	0.0016973	0.00067926
14.472	-0.12574	-166.48	-2.7789	-0.00088727	0.0015328	0.00032652
14.474	-0.13114	-168.15	-2.7454	-0.00045446	0.0013684	-2.6224e-05
14.476	-0.13576	-169.73	-2.7034	-2.1648e-05	0.0012039	-0.00037897
14.478	-0.13975	-171.24	-2.653	0.00041116	0.0010395	-0.00073171
14.48	-0.14339	-172.66	-2.6027	0.00084397	0.00087503	-0.0010844
14.482	-0.14695	-173.99	-2.5321	0.0010241	0.00077499	-0.00089464
14.484	-0.15071	-175.21	-2.4615	0.0012041	0.00067496	-0.00070483
14.486	-0.15482	-176.34	-2.3799	0.0013842	0.00057492	-0.00051503
14.488	-0.1593	-177.34	-2.2871	0.0015643	0.00047489	-0.00032522
14.49	-0.16405	-178.24	-2.1944	0.0017444	0.00037486	-0.00013541
14.492	-0.16886	-179.01	-2.079	0.0014054	0.00013949	0.00048508
14.494	-0.17349	-179.65	-1.9636	0.0010665	-9.5872e-05	0.0011056
14.496	-0.17773	-180.15	-1.8377	0.00072755	-0.00033124	0.0017261
14.498	-0.18144	-180.52	-1.7012	0.00038862	-0.0005666	0.0023465
14.5	-0.1846	-180.75	-1.5647	4.9681e-05	-0.00080196	0.002967
14.502	-0.1873	-180.82	-1.4105	-0.00058607	-0.0011354	0.0034319
14.504	-0.1897	-180.74	-1.2563	-0.0012218	-0.0014689	0.0038969
14.506	-0.19197	-180.51	-1.0959	-0.0018576	-0.0018023	0.0043618
14.508	-0.19426	-180.11	-0.92939	-0.0024933	-0.0021358	0.0048267
14.51	-0.19659	-179.54	-0.76285	-0.0031291	-0.0024693	0.0052916
14.512	-0.19887	-178.81	-0.59098	-0.0035568	-0.0026837	0.0051259
14.514	-0.20086	-177.91	-0.4191	-0.0039845	-0.0028982	0.0049602
14.516	-0.2023	-176.83	-0.24862	-0.0044122	-0.0031126	0.0047945
14.518	-0.20288	-175.57	-0.079528	-0.0048398	-0.0033271	0.0046289
14.52	-0.2024	-174.14	0.089561	-0.0052675	-0.0035415	0.0044632
14.522	-0.20079	-172.53	0.24749	-0.0051637	-0.0035231	0.0037771
14.524	-0.19818	-170.73	0.40542	-0.0050599	-0.0035048	0.0030909
14.526	-0.19486	-168.75	0.55403	-0.0049561	-0.0034864	0.0024048
14.528	-0.19126	-166.59	0.69332	-0.0048523	-0.003468	0.0017187
14.53	-0.18784	-164.25	0.83262	-0.0047485	-0.0034496	0.0010326
14.532	-0.18498	-161.72	0.94792	-0.0042713	-0.0032717	0.000369
14.534	-0.18291	-159.02	1.0632	-0.0037941	-0.0030938	-0.00029457
14.536	-0.18165	-156.13	1.1654	-0.0033168	-0.0029159	-0.00095813
14.538	-0.18093	-153.07	1.2545	-0.0028396	-0.002738	-0.0016217
14.54	-0.1803	-149.83	1.3435	-0.0023624	-0.0025601	-0.0022853
14.542	-0.17919	-146.42	1.4076	-0.002003	-0.0023391	-0.0025109
14.544	-0.17699	-142.85	1.4717	-0.0016437	-0.0021181	-0.0027366
14.546	-0.17326	-139.1	1.5255	-0.0012843	-0.0018971	-0.0029623
14.548	-0.16776	-135.2	1.5689	-0.00092498	-0.0016761	-0.0031879
14.55	-0.16052	-131.14	1.6123	-0.00056563	-0.0014551	-0.0034136
14.552	-0.1519	-126.94	1.6415	-0.00069342	-0.0012598	-0.0032255
14.554	-0.14246	-122.58	1.6706	-0.00082121	-0.0010646	-0.0030375
14.556	-0.13287	-118.1	1.6958	-0.000949	-0.00086942	-0.0028494
14.558	-0.1238	-113.47	1.7173	-0.0010768	-0.00067421	-0.0026614
14.56	-0.11577	-108.73	1.7387	-0.0012046	-0.00047901	-0.0024733
14.562	-0.10905	-103.86	1.7579	-0.001755	-0.00036919	-0.0021405
14.564	-0.10361	-98.883	1.7771	-0.0023054	-0.00025937	-0.0018076
14.566	-0.099155	-93.802	1.7966	-0.0028558	-0.00014955	-0.0014748
14.568	-0.095167	-88.63	1.8166	-0.0034062	-3.9738e-05	-0.001142
14.57	-0.09105	-83.368	1.8365	-0.0039566	7.0079e-05	-0.00080912
14.572	-0.08625	-78.032	1.8578	-0.004555	5.6551e-05	-0.00050603
14.574	-0.080374	-72.623	1.8791	-0.0051534	4.3023e-05	-0.00020295
14.576	-0.073273	-67.158	1.9005	-0.0057519	2.9495e-05	0.00010014
14.578	-0.065068	-61.638	1.9218	-0.0063503	1.5967e-05	0.00040322
14.58	-0.056117	-56.079	1.9431	-0.0069487	2.4386e-06	0.00070631
14.582	-0.046936	-50.483	1.9626	-0.0072988	-5.0847e-05	0.00097904
14.584	-0.038086	-44.867	1.982	-0.0076488	-0.00010413	0.0012518
14.586	-0.030057	-39.231	1.9999	-0.0079988	-0.00015742	0.0015245
14.588	-0.023172	-33.594	2.0163	-0.0083489	-0.0002107	0.0017972
14.59	-0.01753	-27.955	2.0326	-0.0086989	-0.00026399	0.0020699
14.592	-0.013009	-22.331	2.0462	-0.0087889	-0.00018448	0.0023242
14.594	-0.0093002	-16.723	2.0598	-0.0088789	-0.00010497	0.0025784
14.596	-0.0059903	-11.146	2.0731	-0.0089689	-2.5457e-05	0.0028326
14.598	-0.002658	-5.6019	2.086	-0.0090589	5.4054e-05	0.0030868
14.6	0.0010357	-0.10491	2.0989	-0.0091489	0.00013356	0.003341
14.602	0.005283	5.3448	2.1142	-0.0090903	0.00036797	0.0034772
14.604	0.010104	10.733	2.1295	-0.0090317	0.00060238	0.0036133
14.606	0.015361	16.06	2.1473	-0.0089732	0.00083679	0.0037495
14.608	0.020801	21.313	2.1676	-0.0089146	0.0010712	0.0038856
14.61	0.026122	26.492	2.1879	-0.008856	0.0013056	0.0040218
14.612	0.031046	31.587	2.2146	-0.0086844	0.0014435	0.0039031
14.614	0.035368	36.596	2.2412	-0.0085128	0.0015813	0.0037843
14.616	0.038992	41.512	2.2703	-0.0083412	0.0017192	0.0036656
14.618	0.041929	46.335	2.302	-0.0081696	0.0018571	0.0035469
14.62	0.044271	51.056	2.3337	-0.007998	0.0019949	0.0034281
14.622	0.046156	55.676	2.367	-0.0077455	0.0017785	0.0030576
14.624	0.047729	60.19	2.4002	-0.0074931	0.001562	0.0026871
14.626	0.049108	64.598	2.4315	-0.0072406	0.0013456	0.0023166
14.628	0.05037	68.897	2.461	-0.0069882	0.0011291	0.0019462
14.63	0.051557	73.085	2.4905	-0.0067358	0.00091268	0.0015757
14.632	0.052701	77.162	2.5105	-0.0065177	0.00045317	0.0011501
14.634	0.053845	81.127	2.5305	-0.0062996	-6.328e-06	0.00072458
14.636	0.055062	84.981	2.5432	-0.0060816	-0.00046583	0.00029904
14.638	0.056459	88.723	2.5488	-0.0058635	-0.00092533	-0.0001265
14.64	0.058169	92.355	2.5544	-0.0056454	-0.0013848	-0.00055205
14.642	0.060312	95.876	2.5426	-0.0054825	-0.0016463	-0.00080381
14.644	0.062951	99.289	2.5307	-0.0053196	-0.0019077	-0.0010556
14.646	0.066055	102.59	2.5097	-0.0051567	-0.0021691	-0.0013073
14.648	0.069473	105.79	2.4796	-0.0049939	-0.0024306	-0.0015591
14.65	0.072938	108.89	2.4496	-0.004831	-0.002692	-0.0018108
14.652	0.076095	111.88	2.4026	-0.0045615	-0.0024747	-0.001806
14.654	0.078561	114.78	2.3557	-0.004292	-0.0022574	-0.0018011
14.656	0.080004	117.58	2.3019	-0.0040225	-0.0020401	-0.0017962
14.658	0.080213	120.28	2.2412	-0.003753	-0.0018227	-0.0017914
14.66	0.079157	122.89	2.1804	-0.0034835	-0.0016054	-0.0017865
14.662	0.077003	125.41	2.1099	-0.003071	-0.0011657	-0.0015657
14.664	0.074104	127.84	2.0394	-0.0026584	-0.00072588	-0.001345
14.666	0.070933	130.19	1.9662	-0.0022459	-0.0002861	-0.0011242
14.668	0.067997	132.45	1.8904	-0.0018334	0.00015368	-0.00090341
14.67	0.065737	134.63	1.8146	-0.0014209	0.00059345	-0.00068263
14.672	0.064439	136.73	1.7382	-0.0011779	0.00070824	-0.0002966
14.674	0.064177	138.76	1.6618	-0.00093497	0.00082303	8.9442e-05
14.676	0.064803	140.71	1.5874	-0.00069203	0.00093782	0.00047548
14.678	0.065981	142.59	1.515	-0.00044909	0.0010526	0.00086152
14.68	0.06727	144.39	1.4426	-0.00020615	0.0011674	0.0012476
14.682	0.068228	146.12	1.3787	-0.00045633	0.00074853	0.001705
14.684	0.068512	147.79	1.3148	-0.00070652	0.00032966	0.0021625
14.686	0.06796	149.38	1.2573	-0.0009567	-8.9208e-05	0.00262
14.688	0.066631	150.91	1.206	-0.0012069	-0.00050808	0.0030775
14.69	0.064793	152.37	1.1548	-0.0014571	-0.00092695	0.003535
14.692	0.06285	153.77	1.1193	-0.0020476	-0.0015128	0.0038118
14.694	0.061253	155.1	1.0838	-0.0026382	-0.0020986	0.0040887
14.696	0.060382	156.36	1.0571	-0.0032288	-0.0026845	0.0043655
14.698	0.06045	157.56	1.039	-0.0038194	-0.0032703	0.0046423
14.7	0.061445	158.69	1.0209	-0.0044099	-0.0038562	0.0049191
14.702	0.06312	159.76	1.0197	-0.0047495	-0.0041065	0.0047039
14.704	0.065037	160.77	1.0185	-0.005089	-0.0043568	0.0044888
14.706	0.066667	161.71	1.0242	-0.0054285	-0.004607	0.0042736
14.708	0.067511	162.58	1.0367	-0.0057681	-0.0048573	0.0040584
14.71	0.067207	163.39	1.0493	-0.0061076	-0.0051076	0.0038432
14.712	0.065627	164.14	1.0703	-0.005719	-0.0048973	0.0031075
14.714	0.062915	164.82	1.0913	-0.0053303	-0.0046869	0.0023718
14.716	0.059467	165.44	1.113	-0.0049417	-0.0044766	0.0016362
14.718	0.055848	166	1.1355	-0.0045531	-0.0042662	0.00090046
14.72	0.052681	166.5	1.1579	-0.0041644	-0.0040559	0.00016477
14.722	0.050511	166.93	1.1742	-0.0031751	-0.003631	-0.00066831
14.724	0.04969	167.3	1.1906	-0.0021859	-0.0032062	-0.0015014
14.726	0.050296	167.61	1.2006	-0.0011966	-0.0027813	-0.0023345
14.728	0.052113	167.86	1.2043	-0.00020728	-0.0023564	-0.0031675
14.73	0.054675	168.06	1.2079	0.00078201	-0.0019316	-0.0040006
14.732	0.057358	168.19	1.1945	0.0017105	-0.0015553	-0.0043877
14.734	0.059512	168.27	1.1811	0.0026389	-0.0011789	-0.0047748
14.736	0.060594	168.3	1.1585	0.0035674	-0.00080262	-0.0051619
14.738	0.060274	168.28	1.1266	0.0044959	-0.0004263	-0.005549
14.74	0.058503	168.21	1.0948	0.0054243	-4.9977e-05	-0.0059361
14.742	0.055521	168.08	1.0463	0.0056869	0.00018301	-0.0057275
14.744	0.051803	167.92	0.99782	0.0059495	0.00041599	-0.0055189
14.746	0.047957	167.71	0.94335	0.0062121	0.00064897	-0.0053103
14.748	0.0446	167.46	0.88288	0.0064747	0.00088196	-0.0051017
14.75	0.042242	167.17	0.82241	0.0067373	0.0011149	-0.0048931
14.752	0.041186	166.85	0.75619	0.0063107	0.001179	-0.004418
14.754	0.041478	166.49	0.68997	0.005884	0.001243	-0.003943
14.756	0.042919	166.1	0.62413	0.0054574	0.001307	-0.0034679
14.758	0.045106	165.68	0.55867	0.0050308	0.0013711	-0.0029929
14.76	0.047531	165.24	0.49321	0.0046042	0.0014351	-0.0025179
14.762	0.049685	164.77	0.43392	0.0039866	0.0012954	-0.0021663
14.764	0.051152	164.28	0.37463	0.003369	0.0011556	-0.0018148
14.766	0.051683	163.77	0.32012	0.0027514	0.0010159	-0.0014632
14.768	0.051226	163.25	0.2704	0.0021338	0.00087616	-0.0011117
14.77	0.049918	162.71	0.22068	0.0015162	0.00073643	-0.00076013
14.772	0.048035	162.15	0.18163	0.0012009	0.00044813	-0.00059699
14.774	0.045922	161.59	0.14258	0.00088567	0.00015983	-0.00043386
14.776	0.043919	161.01	0.10849	0.00057042	-0.00012847	-0.00027072
14.778	0.042289	160.43	0.079359	0.00025517	-0.00041678	-0.00010758
14.78	0.04118	159.84	0.050225	-6.0088e-05	-0.00070508	5.5563e-05
14.782	0.040607	159.24	0.029352	-3.3392e-05	-0.00094489	0.00022329
14.784	0.040467	158.64	0.0084781	-6.696e-06	-0.0011847	0.00039102
14.786	0.040579	158.03	-0.0089705	2e-05	-0.0014245	0.00055874
14.788	0.040731	157.42	-0.022994	4.6696e-05	-0.0016643	0.00072647
14.79	0.040727	156.8	-0.037018	7.3392e-05	-0.0019041	0.0008942
14.792	0.040425	156.18	-0.044459	6.0786e-05	-0.0019155	0.0011709
14.794	0.039758	155.56	-0.0519	4.818e-05	-0.0019269	0.0014476
14.796	0.038738	154.94	-0.055455	3.5574e-05	-0.0019383	0.0017243
14.798	0.037441	154.31	-0.055124	2.2968e-05	-0.0019497	0.002001
14.8	0.035986	153.68	-0.054794	1.0362e-05	-0.0019611	0.0022777
14.802	0.034517	153.04	-0.044474	-0.00036717	-0.0017509	0.0025114
14.804	0.033179	152.41	-0.034154	-0.0007447	-0.0015407	0.0027451
14.806	0.0321	151.77	-0.017733	-0.0011222	-0.0013305	0.0029788
14.808	0.031394	151.13	0.0047881	-0.0014998	-0.0011203	0.0032125
14.81	0.031153	150.49	0.027309	-0.0018773	-0.00091016	0.0034461
14.812	0.031445	149.85	0.062964	-0.0024697	-0.00064328	0.0034119
14.814	0.03231	149.21	0.098618	-0.0030621	-0.00037639	0.0033776
14.816	0.033747	148.57	0.14015	-0.0036545	-0.00010951	0.0033433
14.818	0.035708	147.93	0.18757	-0.0042469	0.00015738	0.003309
14.82	0.038083	147.29	0.23499	-0.0048393	0.00042426	0.0032747
14.822	0.040691	146.66	0.29018	-0.0051641	0.00058488	0.0029485
14.824	0.043291	146.03	0.34536	-0.0054889	0.0007455	0.0026222
14.826	0.045601	145.41	0.4014	-0.0058137	0.00090612	0.002296
14.828	0.047337	144.79	0.45828	-0.0061385	0.0010667	0.0019697
14.83	0.048254	144.19	0.51516	-0.0064633	0.0012274	0.0016435
14.832	0.0482	143.6	0.56692	-0.006231	0.0012547	0.0012271
14.834	0.047155	143.03	0.61868	-0.0059986	0.0012821	0.00081077
14.836	0.04525	142.47	0.66495	-0.0057662	0.0013095	0.00039441
14.838	0.042767	141.93	0.70571	-0.0055339	0.0013369	-2.1948e-05
14.84	0.040099	141.42	0.74648	-0.0053015	0.0013643	-0.00043831
14.842	0.037695	140.94	0.77276	-0.00465	0.0013682	-0.00074448
14.844	0.035979	140.48	0.79904	-0.0039984	0.0013722	-0.0010507
14.846	0.035272	140.06	0.81791	-0.0033468	0.0013762	-0.0013568
14.848	0.035728	139.67	0.82935	-0.0026953	0.0013801	-0.001663
14.85	0.037293	139.32	0.8408	-0.0020437	0.0013841	-0.0019692
14.852	0.039708	139.02	0.83998	-0.0012946	0.0014457	-0.002127
14.854	0.042547	138.75	0.83915	-0.0005456	0.0015074	-0.0022849
14.856	0.045289	138.54	0.83439	0.00020344	0.001569	-0.0024427
14.858	0.047417	138.37	0.82569	0.00095248	0.0016306	-0.0026005
14.86	0.048514	138.25	0.81698	0.0017015	0.0016922	-0.0027584
14.862	0.048346	138.19	0.80513	0.0023294	0.0017051	-0.0028133
14.864	0.04691	138.18	0.79328	0.0029574	0.001718	-0.0028682
14.866	0.044439	138.22	0.78172	0.0035853	0.0017309	-0.0029231
14.868	0.04136	138.32	0.77043	0.0042132	0.0017438	-0.002978
14.87	0.038221	138.48	0.75915	0.0048411	0.0017567	-0.0030329
14.872	0.035574	138.69	0.75039	0.0052793	0.0015382	-0.0030064
14.874	0.033882	138.96	0.74163	0.0057175	0.0013197	-0.0029799
14.876	0.033422	139.29	0.73429	0.0061557	0.0011013	-0.0029535
14.878	0.034231	139.66	0.72836	0.0065939	0.00088279	-0.002927
14.88	0.0361	140.09	0.72243	0.007032	0.0006643	-0.0029005
14.882	0.03861	140.57	0.71874	0.0072755	0.00026831	-0.0028323
14.884	0.04122	141.09	0.71506	0.007519	-0.00012768	-0.0027641
14.886	0.043363	141.65	0.71227	0.0077624	-0.00052367	-0.0026959
14.888	0.04456	142.26	0.71037	0.0080059	-0.00091966	-0.0026277
14.89	0.044514	142.89	0.70848	0.0082493	-0.0013157	-0.0025596
14.892	0.043163	143.56	0.7088	0.0082699	-0.0015218	-0.0025235
14.894	0.040698	144.25	0.70912	0.0082905	-0.001728	-0.0024875
14.896	0.037524	144.96	0.71128	0.0083111	-0.0019341	-0.0024514
14.898	0.034192	145.69	0.71526	0.0083317	-0.0021403	-0.0024154
14.9	0.031292	146.42	0.71924	0.0083523	-0.0023464	-0.0023793
14.902	0.029354	147.16	0.72876	0.0080923	-0.0020566	-0.0023649
14.904	0.028753	147.9	0.73827	0.0078324	-0.0017667	-0.0023505
14.906	0.029649	148.63	0.75119	0.0075725	-0.0014769	-0.0023361
14.908	0.031965	149.34	0.76751	0.0073126	-0.0011871	-0.0023217
14.91	0.035411	150.04	0.78382	0.0070527	-0.00089726	-0.0023073
14.912	0.039532	150.7	0.80661	0.0065563	-0.00026959	-0.0022213
14.914	0.043805	151.35	0.82939	0.0060599	0.00035807	-0.0021353
14.916	0.047718	151.95	0.85418	0.0055635	0.00098573	-0.0020493
14.918	0.050861	152.52	0.88097	0.0050671	0.0016134	-0.0019633
14.92	0.052982	153.04	0.90777	0.0045707	0.0022411	-0.0018773
14.922	0.054014	153.52	0.93424	0.0040947	0.0027122	-0.0017443
14.924	0.054074	153.95	0.96072	0.0036187	0.0031833	-0.0016114
14.926	0.053423	154.32	0.98442	0.0031427	0.0036544	-0.0014784
14.928	0.052408	154.64	1.0053	0.0026667	0.0041255	-0.0013455
14.93	0.051391	154.91	1.0263	0.0021906	0.0045966	-0.0012126
14.932	0.050685	155.11	1.0369	0.0020459	0.0046191	-0.0012098
14.934	0.050501	155.26	1.0474	0.0019011	0.0046416	-0.0012071
14.936	0.050912	155.35	1.0513	0.0017563	0.0046641	-0.0012043
14.938	0.051852	155.38	1.0485	0.0016116	0.0046866	-0.0012016
14.94	0.053136	155.35	1.0456	0.0014668	0.0047091	-0.0011988
14.942	0.054497	155.27	1.0286	0.0017085	0.0044617	-0.0013944
14.944	0.055632	155.14	1.0116	0.0019502	0.0042143	-0.00159
14.946	0.056265	154.95	0.98843	0.0021919	0.0039669	-0.0017856
14.948	0.056192	154.72	0.95901	0.0024336	0.0037195	-0.0019811
14.95	0.055318	154.45	0.92959	0.0026753	0.0034721	-0.0021767
14.952	0.053674	154.13	0.89117	0.0030496	0.0032983	-0.0023778
14.954	0.051419	153.78	0.85275	0.0034239	0.0031246	-0.0025788
14.956	0.048814	153.4	0.81191	0.0037983	0.0029509	-0.0027799
14.958	0.046182	152.99	0.76866	0.0041726	0.0027771	-0.002981
14.96	0.043867	152.56	0.72541	0.004547	0.0026034	-0.003182
14.962	0.042169	152.1	0.68128	0.0047565	0.0025776	-0.0031356
14.964	0.041291	151.64	0.63714	0.004966	0.0025519	-0.0030891
14.966	0.041307	151.16	0.59411	0.0051755	0.0025261	-0.0030427
14.968	0.042138	150.69	0.55217	0.005385	0.0025004	-0.0029962
14.97	0.043555	150.2	0.51023	0.0055945	0.0024746	-0.0029498
14.972	0.045204	149.72	0.4725	0.0055269	0.0023842	-0.0026153
14.974	0.046667	149.25	0.43477	0.0054594	0.0022938	-0.0022808
14.976	0.04752	148.78	0.39967	0.0053918	0.0022034	-0.0019463
14.978	0.047414	148.33	0.36719	0.0053243	0.002113	-0.0016118
14.98	0.046141	147.89	0.33472	0.0052567	0.0020226	-0.0012773
14.982	0.043678	147.46	0.30782	0.0049971	0.0017263	-0.000874
14.984	0.040209	147.05	0.28092	0.0047375	0.0014299	-0.00047067
14.986	0.036101	146.65	0.25672	0.0044779	0.0011335	-6.7336e-05
14.988	0.031852	146.27	0.2352	0.0042183	0.00083717	0.000336
14.99	0.028009	145.9	0.21369	0.0039587	0.0005408	0.00073933
14.992	0.025067	145.55	0.19692	0.0037147	0.00021267	0.00090071
14.994	0.023378	145.21	0.18015	0.0034706	-0.00011546	0.0010621
14.996	0.023082	144.88	0.16524	0.0032265	-0.0004436	0.0012235
14.998	0.024072	144.55	0.1522	0.0029825	-0.00077173	0.0013848
15	0.02601	144.23	0.13915	0.0027384	-0.0010999	0.0015462
